66.79219954648526
68.85877551020408
75.45324263038549
75.60417233560091
90.33723356009071
90.74358276643991
90.9641723356009
91.26603174603174
114.43954648526078
114.7762358276644
115.19419501133787
115.47283446712018
115.73986394557824
116.34358276643991
116.55256235827665
117.24916099773243
117.67873015873016
136.0457142857143
136.24308390022676
136.55655328798187
136.75392290249434
136.97451247165532
137.2299319727891
137.47374149659865
137.77560090702949
138.03102040816327
138.62312925170068
138.8321088435374
139.11074829931974
140.21369614512471
140.71292517006802
140.92190476190476
141.32825396825396
141.64172335600907
141.9784126984127
142.28027210884355
142.55891156462584
155.24861678004535
155.44598639455782
155.71301587301588
155.98004535147393
156.2702947845805
156.64181405895692
156.82757369614512
157.14104308390023
157.40807256235829
157.75637188208617
158.08145124716555
158.38331065759638
158.6271201814059
158.8825396825397
159.07990929705215
159.76489795918368
160.02031746031747
160.264126984127
160.58920634920634
160.84462585034012
161.05360544217686
161.4831746031746
161.76181405895693
162.04045351473923
176.70385487528344
176.83156462585035
177.04054421768708
177.29596371882087
177.5629931972789
177.84163265306123
178.1318820861678
178.36408163265307
178.60789115646259
178.81687074829932
179.1071201814059
179.38575963718822
179.71083900226756
179.9546485260771
180.22167800453514
180.51192743764173
180.8021768707483
181.1156462585034
181.41750566893424
182.4391836734694
182.9732426303855
189.17297052154194
189.4167800453515
189.73024943310656
190.0321088435374
190.49650793650792
190.78675736961452
192.85333333333332
193.23646258503402
193.60798185941044
194.31619047619049
194.66448979591837
195.11727891156463
197.6366439909297
198.04299319727892
198.44934240362812
201.10802721088436
201.47954648526078
203.6041723356009
203.96408163265306
204.3936507936508
204.95092970521543
206.61115646258503
206.97106575963718
207.3774149659864
207.71410430839003
208.64290249433105
209.18857142857144
209.6065306122449
210.09414965986394
210.48888888888888
216.44480725623583
216.7350566893424
217.07174603174604
217.38521541950112
217.79156462585033
218.2443537414966
218.5926530612245
218.9990022675737
219.38213151927437
219.78848072562357
220.1367800453515
220.55473922902493
220.98430839002268
221.40226757369615
221.84344671201814
222.23818594104307
222.65614512471655
223.0508843537415
223.4920634920635
223.95646258503402
224.45569160997732
224.86204081632653
225.25678004535146
225.61668934240362
226.05786848072563
226.48743764172335
226.9402267573696
227.3814058956916
227.7993650793651
228.28698412698412
228.69333333333333
229.09968253968253
229.56408163265306
230.09814058956917
232.19954648526078
232.61750566893423
233.04707482993197
233.46503401360545
233.89460317460316
234.37061224489796
234.81179138321994
235.26458049886622
235.71736961451248
236.2049886621315
241.12761904761905
241.47591836734694
241.7661678004535
242.10285714285715
242.45115646258503
242.84589569160997
243.2754648526077
243.68181405895692
244.1578231292517
244.73832199546484
248.77859410430838
249.12689342403627
249.47519274376418
249.86993197278912
250.2878911564626
250.79873015873017
251.27473922902493
251.6926984126984
252.08743764172337
252.49378684807257
252.94657596371883
253.3877551020408
253.8637641723356
254.35138321995464
254.81578231292517
255.2801814058957
255.69814058956916
256.15092970521545
256.58049886621313
257.1261678004535
257.68344671201817
258.1014058956916
258.55419501133787
259.05342403628117
259.52943310657594
260.06349206349205
267.6215873015873
267.9582766439909
268.2833560090703
268.64326530612243
269.02639455782315
269.44435374149657
269.8739229024943
270.3615419501134
270.872380952381
273.56589569160997
273.94902494331063
274.29732426303855
274.66884353741494
275.0287528344671
275.4931519274376
275.93433106575964
276.4103401360544
278.09378684807257
278.46530612244896
278.8368253968254
279.2431746031746
279.69596371882085
280.14875283446713
280.5899319727891
281.0659410430839
281.61160997732424
285.6983219954649
286.04662131519274
286.4065306122449
286.80126984126986
287.2308390022676
287.6952380952381
288.1364172335601
288.68208616780043
292.0954195011338
292.4437188208617
292.80362811791383
293.2331972789116
293.70920634920634
294.1619954648526
294.59156462585037
296.63492063492066
297.04126984126987
297.44761904761907
297.86557823129255
298.3531972789116
298.8408163265306
299.2587755102041
299.7463945578231
300.2572335600907
300.7912925170068
301.3601814058957
305.2959637188209
305.655873015873
305.99256235827664
306.34086167800456
306.7007709750567
307.1419501133787
307.6063492063492
308.03591836734694
308.50031746031743
308.9182766439909
309.41750566893427
309.8702947845805
310.3695238095238
313.19074829931975
313.52743764172334
313.93378684807254
314.34013605442175
314.78131519274376
315.2689342403628
315.8029931972789
316.29061224489794
316.73179138321996
317.3819501133787
321.90984126984125
322.2465306122449
322.58321995464854
322.95473922902494
323.32625850340133
323.7906575963719
324.2550566893424
324.7426757369615
325.17224489795916
325.694693877551
326.15909297052156
328.53913832199544
328.88743764172335
329.42149659863946
329.88589569160996
330.3502947845805
330.80308390022674
331.24426303854875
344.57251700680274
344.7350566893424
345.02530612244897
345.3387755102041
345.6522448979592
345.95410430839
346.2675736961451
346.61587301587304
346.91773242630387
347.24281179138325
347.66077097505666
347.9626303854875
348.2877097505669
348.601179138322
356.72816326530614
357.69179138321994
363.53160997732425
363.97278911564626
365.9000453514739
366.15546485260774
366.52698412698413
366.7824036281179
367.0842630385487
367.3861224489796
367.6763718820862
367.93179138321995
368.2220408163265
368.55873015873016
380.80725623582765
380.99301587301585
381.24843537414966
381.56190476190477
381.85215419501134
382.235283446712
382.455873015873
382.7809523809524
383.07120181405895
383.34984126984125
383.6517006802721
383.9651700680272
384.267029478458
384.5921088435374
385.1377777777778
385.52090702947845
385.8459863945578
386.25233560090703
386.78639455782314
387.6455328798186
403.34222222222223
420.82684807256237
420.97777777777776
421.2331972789116
421.55827664399095
422.2548752834467
422.39419501133784
422.7308843537415
423.0095238095238
423.64807256235827
424.50721088435375
426.1326077097506
426.79437641723354
433.62104308390025
440.25034013605443
447.4485260770975
447.80843537414967
448.2031746031746
448.49342403628117
448.85333333333335
449.1203628117914
449.6195918367347
450.03755102040816
452.26666666666665
452.6033560090703
455.4245804988662
455.8309297052154
456.48108843537415
456.8758276643991
457.16607709750565
458.0484353741497
458.9540136054422
459.476462585034
466.8371882086168
467.1158276643991
467.510566893424
467.7543764172336
468.03301587301587
468.4741950113379
468.91537414965984
469.2520634920635
469.6003628117914
470.16925170068026
470.49433106575964
471.1096598639456
471.5043990929705
471.8643083900227
472.2706575963719
472.7698866213152
473.0601360544218
473.4200453514739
473.687074829932
474.0469841269841
474.9641723356009
475.4053514739229
476.64761904761906
477.4487074829932
477.93632653061223
478.33106575963717
478.7722448979592
479.1089342403628
479.5733333333333
480.01451247165534
480.42086167800454
480.82721088435375
481.0826303854875
481.4309297052154
489.33732426303857
490.2312925170068
490.53315192743764
491.0207709750567
491.2645804988662
491.5896598639456
491.9263492063492
492.4604081632653
493.04090702947843
494.60825396825396
495.049433106576
497.1392290249433
497.4875283446712
497.91709750566895
498.3002267573696
498.88072562358275
499.69342403628116
500.2855328798186
500.8892517006803
506.1253514739229
507.4721088435374
507.8784580498866
508.203537414966
508.8304761904762
515.0766439909297
515.3320634920635
515.6571428571428
516.4698412698413
516.6556009070295
518.7337868480726
519.4768253968253
519.9180045351474
520.3243537414966
520.6726530612245
520.9745124716553
521.3112018140589
521.8452607709751
524.44589569161
541.7563718820861
541.9885714285714
542.371700680272
542.6503401360544
543.0102494331065
543.4630385487528
