10.12390022675737
10.448979591836734
10.739229024943311
11.029478458049887
12.863854875283447
13.177324263038548
13.467573696145125
13.885532879818594
14.44281179138322
15.882448979591837
16.172698412698413
16.497777777777777
16.822857142857142
17.2756462585034
17.635555555555555
18.134784580498867
18.622403628117915
20.36390022675737
20.921179138321996
23.42893424036281
24.044263038548753
26.807437641723357
27.225396825396825
28.35156462585034
28.85079365079365
29.593832199546487
30.25560090702948
30.615510204081634
37.918185941043085
38.23165532879818
38.55673469387755
38.88181405895691
39.32299319727891
39.949931972789116
40.87873015873016
42.72471655328798
45.26730158730159
45.70848072562358
47.13650793650794
47.62412698412698
48.587755102040816
48.98249433106576
50.991020408163266
51.43219954648526
52.21006802721089
52.54675736961451
52.8021768707483
53.10403628117914
53.336235827664396
53.67292517006803
54.35791383219954
58.94385487528345
59.75655328798186
62.682267573696144
69.05614512471655
69.34639455782313
69.60181405895692
69.89206349206349
70.20553287981859
70.58866213151927
70.87891156462585
71.69160997732426
72.02829931972789
74.68698412698413
75.26748299319728
77.56625850340136
77.97260770975056
78.64598639455782
78.90140589569161
79.29614512471656
79.67927437641724
80.42231292517006
80.77061224489796
81.32789115646258
81.74585034013606
82.29151927437641
82.67464852607709
83.09260770975057
83.49895691609977
84.04462585034014
87.04
87.36507936507937
87.58566893424036
87.87591836734694
88.2009977324263
88.58412698412698
89.03691609977324
89.65224489795918
90.17469387755102
90.74358276643991
91.16154195011337
92.51990929705215
92.87981859410431
93.26294784580499
93.58802721088435
93.9827664399093
94.64453514739229
96.36281179138322
96.71111111111111
97.22195011337868
98.4409977324263
99.24208616780045
99.67165532879818
101.84272108843537
102.38839002267574
102.85278911564626
103.21269841269842
104.17632653061224
104.93097505668935
105.32571428571428
105.76689342403628
106.34739229024943
106.90467120181405
108.84353741496598
112.07111111111111
112.74448979591837
113.11600907029478
115.0548752834467
115.6237641723356
116.86603174603175
117.19111111111111
118.35210884353741
118.78167800453515
119.96589569160997
120.32580498866213
120.89469387755102
121.26621315192743
122.2530612244898
122.61297052154195
123.61142857142858
123.97133786848073
125.1439455782313
125.50385487528345
125.92181405895691
126.66485260770975
130.1942857142857
130.5774149659864
130.91410430839002
131.18113378684808
131.41333333333333
131.7384126984127
132.0518820861678
132.4234013605442
133.22448979591837
133.6192290249433
134.26938775510203
134.6292970521542
135.0356462585034
135.96444444444444
136.26630385487528
136.62621315192743
137.33442176870747
137.9265306122449
138.48380952380953
139.1804081632653
139.6215873015873
140.09759637188208
140.66648526077097
141.04961451247166
141.49079365079365
142.15256235827664
142.74467120181407
143.3019501133787
143.74312925170068
144.17269841269842
144.75319727891156
145.06666666666666
145.35691609977323
145.70521541950114
146.0883446712018
146.4366439909297
146.8778231292517
147.36544217687074
147.95755102040818
148.41034013605443
148.8863492063492
149.2346485260771
149.83836734693878
150.40725623582767
151.2431746031746
151.89333333333335
153.64643990929704
154.1688888888889
154.71455782312924
155.71301587301588
156.02648526077098
156.3631746031746
157.45451247165533
158.76643990929705
159.82294784580498
161.18131519274377
161.72698412698412
162.40036281179138
165.65115646258502
166.81215419501135
169.2386394557823
170.15582766439908
172.93061224489796
173.55755102040817
174.4282993197279
175.05523809523808
176.05369614512472
177.0637641723356
178.48018140589568
180.3609977324263
182.62494331065759
183.26349206349207
183.6350113378685
186.9902947845805
187.33859410430838
187.6520634920635
188.02358276643992
188.7201814058957
189.31229024943312
190.1946485260771
190.62421768707483
190.9492970521542
191.3208163265306
191.64589569160998
192.26122448979592
192.74884353741496
193.1784126984127
193.82857142857142
194.42068027210885
194.98956916099775
196.95165532879818
198.36807256235826
199.12272108843538
199.57551020408164
199.98185941043084
200.48108843537415
206.28607709750568
206.75047619047618
207.1219954648526
207.57478458049886
208.0740136054422
208.74739229024942
210.2915192743764
210.88362811791384
211.31319727891156
212.21877551020407
212.7412244897959
213.27528344671202
214.07637188208616
214.65687074829933
215.23736961451246
215.72498866213152
216.31709750566893
216.87437641723355
217.3968253968254
218.01215419501133
218.72036281179138
219.42857142857142
222.7374149659864
223.4920634920635
224.01451247165534
224.62984126984128
225.45414965986396
227.7993650793651
229.19256235827663
229.76145124716552
230.28390022675737
232.4665759637188
233.24444444444444
233.63918367346938
233.90621315192743
234.33578231292518
234.81179138321994
235.35746031746032
235.78702947845804
236.22820861678005
237.11056689342405
237.64462585034013
238.82884353741497
239.21197278911563
239.64154195011338
239.9201814058957
240.66321995464853
241.5571882086168
242.97360544217688
243.37995464852608
243.79791383219955
244.27392290249432
245.12145124716554
246.00380952380954
246.41015873015874
246.87455782312927
247.2692970521542
247.8381859410431
248.51156462585033
249.16172335600908
249.61451247165533
250.20662131519273
250.67102040816326
251.4140589569161
252.41251700680272
252.81886621315192
253.19038548752835
253.68961451247165
254.15401360544217
254.73451247165534
255.2453514739229
256.0348299319728
256.5456689342404
259.43655328798184
260.0867120181406
260.81814058956917
261.5263492063492
262.54802721088436
263.27945578231294
264.5797732426304
265.1022222222222
265.6130612244898
267.76090702947846
268.933514739229
269.7229931972789
270.4660317460318
270.83755102040817
271.1742403628118
272.39328798185943
274.5875736961451
275.80662131519273
276.65414965986395
277.02566893424034
277.50167800453517
278.3027664399093
278.88326530612244
279.39410430839
280.00943310657595
280.3925623582766
280.7524716553288
281.22848072562357
281.9482993197279
284.3863945578231
286.4761904761905
287.4165986394558
288.1944671201814
289.25097505668936
290.1449433106576
290.57451247165534
291.22467120181403
291.7819501133787
292.75718820861675
293.69759637188207
294.4058049886621
298.5389569160998
299.0962358276644
299.5258049886621
301.12798185941045
301.6736507936508
302.23092970521543
305.80680272108845
306.5150113378685
306.7936507936508
307.49024943310656
308.4654875283447
309.0459863945578
309.6845351473923
310.10249433106577
310.5436734693877
317.60253968253966
322.4206802721088
324.1389569160998
326.48417233560093
328.8990476190476
330.327074829932
331.02367346938775
331.61578231292515
332.2659410430839
333.682358276644
334.54149659863947
338.4772789115646
339.1738775510204
340.26521541950115
340.9269841269841
341.44943310657595
341.94866213151926
342.598820861678
343.0632199546485
344.25904761904764
345.1530158730159
345.512925170068
346.11664399092973
346.69714285714286
347.06866213151926
347.6259410430839
351.027664399093
355.23047619047617
355.7877551020408
357.0532426303855
358.77151927437643
360.0718367346939
360.4665759637188
360.86131519274375
361.1980045351474
361.70884353741496
362.56798185941045
362.90467120181404
365.33115646258506
365.772335600907
366.23673469387757
368.7328798185941
371.92562358276643
372.64544217687074
374.3404988662131
375.22285714285715
378.21823129251703
379.0077097505669
380.56344671201816
382.52553287981857
382.8273922902494
383.41950113378687
383.8606802721088
384.33668934240364
385.1261678004535
385.56734693877553
386.1246258503401
386.6354648526077
388.63238095238097
391.15174603174603
391.8019047619048
392.5217233560091
393.2531519274376
403.52798185941043
404.3174603174603
405.1765986394558
406.05895691609976
406.5814058956916
407.2199546485261
407.6495238095238
408.68281179138324
409.0659410430839
409.5071201814059
409.9482993197279
410.73777777777775
411.1092970521542
412.2006349206349
412.5605442176871
412.9204535147392
413.3268027210884
413.95374149659864
414.31365079365077
414.6851700680272
415.07990929705215
415.8345578231293
416.2409070294785
417.7966439909297
418.2029931972789
419.3059410430839
419.7122902494331
420.1418594104308
420.47854875283446
420.942947845805
421.33768707482994
423.4855328798186
423.8686621315193
424.2053514739229
424.5768707482993
425.4824489795918
425.97006802721086
426.36480725623585
426.7131065759637
427.0614058956916
427.5722448979592
427.9785941043084
428.4778231292517
428.87256235827664
429.3485714285714
429.7549206349206
430.1728798185941
431.32226757369614
431.7750566893424
432.2162358276644
432.63419501133785
434.12027210884355
434.5034013605442
434.9097505668934
438.89197278911564
439.2518820861678
439.7859410430839
440.1226303854875
440.51736961451246
446.71709750566896
447.0770068027211
447.3788662131519
447.71555555555557
448.08707482993196
448.574693877551
450.58321995464854
450.91990929705213
451.3146485260771
451.6861678004535
452.104126984127
457.51437641723356
458.24580498866214
458.74503401360545
463.77215419501135
464.55002267573695
465.18857142857144
465.64136054421766
466.1754195011338
466.84879818594106
467.26675736961454
467.91691609977323
468.50902494331064
468.85732426303855
469.22884353741495
469.6468027210884
470.08798185941043
470.48272108843537
471.26058956916097
471.7249886621315
472.30548752834466
472.81632653061223
473.19945578231295
474.174693877551
474.5462131519274
476.9378684807256
478.24979591836734
478.8651247165533
479.56172335600905
481.5586394557823
482.0346485260771
482.46421768707484
482.8821768707483
483.3001360544218
483.8574149659864
484.5772335600907
485.2041723356009
486.4580498866213
486.75990929705216
487.0965986394558
487.45650793650793
488.0021768707483
489.58113378684806
490.0455328798186
490.47510204081635
499.9372335600907
501.0750113378685
501.50458049886623
501.8877097505669
502.45659863945576
504.3722448979592
504.8714739229025
