3.01859410430839
6.733786848072563
8.02249433106576
8.335963718820862
8.602993197278911
8.893242630385487
9.264761904761905
9.671111111111111
10.100680272108843
10.483809523809525
11.099138321995465
11.598367346938776
12.631655328798185
12.956734693877552
13.502403628117914
13.897142857142857
14.245442176870748
14.524081632653061
14.849160997732426
15.255510204081633
15.696689342403628
20.050430839002267
26.40108843537415
26.807437641723357
27.295056689342402
27.794285714285714
28.2702947845805
28.65342403628118
29.129433106575963
29.489342403628118
33.45995464852608
33.95918367346939
35.7471201814059
37.209977324263036
37.46539682539682
37.860136054421766
38.17360544217687
38.48707482993197
38.74249433106576
39.03274376417234
39.46231292517007
39.82222222222222
40.84390022675737
41.66820861678004
47.51963718820862
48.26267573696145
48.587755102040816
48.87800453514739
49.121814058956915
49.49333333333333
49.9112925170068
50.45696145124717
56.27356009070295
57.67836734693878
58.06149659863946
58.38657596371882
58.65360544217687
58.978684807256236
59.31537414965987
59.66367346938775
60.08163265306123
61.045260770975055
61.37034013605442
61.74185941043084
69.34639455782313
69.70630385487529
70.11265306122449
70.4261224489796
70.76281179138321
71.06467120181406
71.42458049886622
71.83092970521542
75.09333333333333
78.19319727891157
78.76208616780045
80.20172335600907
80.60807256235827
81.00281179138322
81.35111111111111
81.76907029478458
82.62820861678004
83.4292970521542
87.85269841269842
88.22421768707483
90.88290249433106
91.25442176870749
91.6259410430839
91.98585034013605
92.68244897959184
103.85124716553288
104.28081632653061
108.76226757369615
109.48208616780046
113.88226757369614
117.67873015873016
118.17795918367347
120.04716553287982
120.31419501133787
120.54639455782313
120.8366439909297
121.15011337868481
121.46358276643991
121.76544217687075
125.66639455782312
132.458231292517
132.84136054421768
286.12789115646257
286.4065306122449
286.63873015873014
286.98702947845806
287.49786848072563
287.8809977324263
288.57759637188207
313.7015873015873
317.5793197278912
323.7790476190476
324.67301587301586
325.1374149659864
332.7303401360544
334.95945578231294
335.77215419501135
336.1901133786848
339.289977324263
355.83419501133784
356.14766439909295
365.5981859410431
366.0625850340136
366.4921541950113
379.0657596371882
379.35600907029476
379.90167800453514
380.52861678004535
381.0975056689342
381.3645351473923
381.71283446712016
382.94349206349204
383.3730612244898
383.66331065759636
384.4527891156463
385.0100680272109
386.7051247165533
387.14630385487527
388.60916099773243
392.3824036281179
396.62004535147395
408.60154195011336
409.68126984126985
419.5613605442177
419.7819501133787
420.5598185941043
421.05904761904765
433.71392290249435
437.97478458049886
452.8819954648526
453.12580498866214
453.47410430839
453.868843537415
456.03990929705213
456.29532879818595
456.5971882086168
457.96716553287985
458.37351473922905
460.86965986394557
477.5764172335601
478.09886621315195
484.41469387755103
485.30866213151927
485.8078911564626
495.6415419501134
496.0014512471655
497.38303854875284
497.73133786848075
498.0448072562358
499.14775510204083
501.2259410430839
502.7584580498866
504.6973242630385
505.0224036281179
509.1787755102041
509.4574149659864
509.80571428571426
510.235283446712
510.409433106576
510.6184126984127
510.8738321995465
511.1873015873016
511.47755102040816
511.93034013605444
512.2089795918367
512.5456689342403
512.9055782312926
513.1609977324263
513.4744671201814
514.4497052154195
516.2144217687074
519.5116553287982
528.416507936508
528.9621768707483
529.2524263038549
529.612335600907
530.2508843537415
530.5991836734694
532.1084807256236
532.3406802721089
534.3724263038549
534.7207256235828
539.4459863945578
540.119365079365
542.3252607709751
544.1015873015873
546.6906122448979
548.6875283446713
555.2936054421768
555.6651247165532
557.7781405895691
558.1960997732426
559.8911564625851
560.2742857142857
564.569977324263
567.5537414965986
567.8091609977324
568.6799092970522
568.9933786848072
569.2952380952381
569.689977324263
577.2480725623583
577.8169614512472
578.0027210884354
578.3161904761905
578.8386394557823
581.2419047619047
581.6366439909297
582.1474829931973
582.6351020408164
582.9485714285714
583.3084807256236
583.68
584.1792290249433
585.2705668934241
585.6304761904762
591.1336054421769
591.400634920635
593.0492517006803
593.5600907029478
594.0593197278912
594.6862585034014
595.4873469387755
596.1142857142858
599.0051700680272
599.5972789115647
602.4533333333334
602.8016326530612
603.1731519274376
604.7985487528344
607.294693877551
619.961179138322
620.2165986394558
620.4836281179138
620.6926077097505
621.0989569160997
623.3977324263038
623.6879818594105
623.9898412698412
624.419410430839
624.6283900226757
624.8489795918367
625.2088888888889
625.5804081632654
626.0215873015873
626.4627664399093
626.7414058956916
627.6818140589569
629.1098412698412
631.0487074829932
631.6756462585034
632.8250340136054
633.1733333333333
634.6826303854875
635.0309297052154
635.5069387755102
637.527074829932
639.2569614512472
639.7445804988662
640.0580498866213
640.2902494331066
640.534058956916
640.7430385487528
640.9636281179138
641.2306575963719
641.5325170068028
641.8343764172336
642.426485260771
644.2492517006802
644.5162811791383
644.7600907029479
645.0155102040816
