3.274013605442177
3.4597732426303853
3.8312925170068026
4.214421768707483
7.500045351473923
7.790294784580499
8.068934240362811
8.370793650793651
8.684263038548753
8.974512471655329
9.299591836734693
9.601451247165533
9.949750566893425
10.286439909297052
10.553469387755102
10.85532879818594
11.122358276643991
11.38938775510204
11.656417233560092
11.935056689342403
12.445895691609977
12.72453514739229
13.537233560090703
14.454421768707483
15.034920634920635
15.383219954648526
15.650249433106575
15.998548752834466
16.497777777777777
16.857687074829933
17.264036281179138
17.565895691609978
17.890975056689342
18.297324263038547
18.599183673469387
18.94748299319728
19.272562358276645
19.59764172335601
20.06204081632653
20.572879818594103
24.357732426303855
27.805895691609976
28.11936507936508
28.560544217687074
28.88562358276644
29.31519274376417
38.59156462585034
38.905034013605444
39.2649433106576
39.65968253968254
40.147301587301584
41.586938775510205
42.03972789115646
42.6550566893424
43.119455782312926
43.932154195011336
44.210793650793654
44.67519274376417
45.023492063492064
45.38340136054422
45.67365079365079
46.13804988662132
46.53278911564626
46.97396825396825
49.26113378684807
55.17061224489796
55.61179138321995
57.30684807256236
57.597097505668934
57.88734693877551
58.18920634920635
58.53750566893424
59.00190476190476
60.30222222222222
60.5924716553288
60.94077097505669
61.265850340136055
62.0669387755102
66.54839002267573
67.26820861678004
67.61650793650794
67.97641723356008
68.45242630385488
68.94004535147393
69.82240362811791
71.73804988662131
72.58557823129252
73.8510657596372
74.2574149659864
74.61732426303855
75.1049433106576
75.51129251700681
75.99891156462586
77.42693877551021
78.47183673469388
79.52834467120181
79.88825396825396
80.19011337868481
80.45714285714286
80.78222222222222
81.08408163265307
81.37433106575963
81.67619047619047
81.96643990929705
82.30312925170068
82.72108843537416
83.05777777777777
83.4292970521542
83.82403628117913
84.4625850340136
85.01986394557824
86.20408163265306
87.51600907029479
88.18938775510205
89.16462585034013
89.8031746031746
90.6507029478458
91.11510204081632
91.44018140589569
91.83492063492064
92.24126984126984
92.55473922902495
92.89142857142858
93.26294784580499
93.72734693877551
94.06403628117914
94.35428571428571
94.63292517006802
94.93478458049887
95.25986394557823
95.74748299319728
96.17705215419501
96.72272108843538
97.15229024943311
97.58185941043084
98.49904761904762
99.00988662131519
100.03156462585034
101.04163265306123
101.99365079365079
103.54938775510205
104.9774149659864
105.72045351473923
106.28934240362811
106.78857142857143
107.3342403628118
107.740589569161
108.06566893424036
108.37913832199547
108.69260770975056
108.99446712018141
109.3079365079365
109.64462585034013
110.44571428571429
110.74757369614512
111.06104308390023
111.43256235827664
111.757641723356
112.16399092970522
112.55873015873016
113.06956916099773
113.52235827664398
113.87065759637188
114.23056689342404
114.62530612244898
115.27546485260771
115.96045351473923
116.42485260770975
116.86603174603175
117.38848072562358
117.87609977324263
118.23600907029478
118.71201814058956
119.08353741496599
119.7685260770975
120.32580498866213
120.89469387755102
125.34131519274376
126.27011337868481
126.65324263038549
127.0595918367347
127.47755102040816
127.86068027210884
128.20897959183674
128.63854875283448
129.01006802721088
129.32353741496598
129.7879365079365
130.12462585034012
130.53097505668933
130.8560544217687
131.2624036281179
131.68036281179138
143.11619047619047
149.40879818594104
150.29115646258504
157.1526530612245
157.5590022675737
157.98857142857142
158.32526077097506
158.83609977324264
163.37560090702948
163.77034013605441
164.61786848072563
164.98938775510203
165.33768707482994
165.61632653061224
165.96462585034013
172.10630385487528
176.28589569160997
177.3540136054422
178.5730612244898
179.67600907029478
180.05913832199548
180.44226757369614
180.67446712018142
181.03437641723357
181.34784580498865
181.76580498866213
182.07927437641723
182.45079365079366
183.0661224489796
183.46086167800453
183.86721088435374
184.83083900226757
185.28362811791382
185.75963718820861
186.2704761904762
186.79292517006803
188.23256235827665
188.97560090702947
190.78675736961452
191.1698866213152
192.48181405895693
195.34947845804987
195.73260770975057
199.5871201814059
200.07473922902494
202.84952380952382
203.39519274376417
206.20480725623582
206.59954648526076
206.97106575963718
207.3425850340136
207.66766439909298
208.10884353741497
208.56163265306122
209.32789115646258
209.699410430839
210.08253968253968
210.5237188208617
210.9881179138322
211.39446712018142
211.905306122449
212.41614512471656
218.29079365079366
218.80163265306123
219.23120181405895
220.93786848072563
221.3558276643991
222.36589569160998
224.35120181405895
224.73433106575965
225.1174603174603
225.39609977324264
225.73278911564626
226.0346485260771
226.35972789115647
226.70802721088435
226.98666666666668
227.43945578231293
227.78775510204082
228.06639455782312
228.55401360544218
228.80943310657597
229.1809523809524
229.5524716553288
230.00526077097507
230.50448979591837
230.9688888888889
231.31718820861678
231.75836734693877
232.15310657596373
232.55945578231294
233.23283446712017
233.96426303854875
235.3922902494331
236.88997732426304
237.23827664399093
244.66866213151928
245.04018140589568
245.318820861678
245.74839002267575
246.02702947845805
246.3637188208617
246.7004081632653
247.22285714285715
247.53632653061226
248.85986394557824
251.39083900226757
251.87845804988663
252.28480725623584
252.7027664399093
254.31655328798186
254.7461224489796
256.2554195011338
256.6385487528345
256.96362811791386
257.3119274376417
257.6253968253968
257.9156462585034
258.25233560090703
258.5890249433107
258.867664399093
259.355283446712
259.6803628117914
260.13315192743767
260.51628117913833
261.05034013605444
261.86303854875285
262.32743764172335
262.60607709750565
262.96598639455783
263.27945578231294
263.7902947845805
264.33596371882084
265.0209523809524
268.7825850340136
269.21215419501135
270.75628117913834
271.22068027210884
271.66185941043085
272.1726984126984
275.34222222222223
275.74857142857144
276.259410430839
277.50167800453517
278.01251700680274
278.4072562358277
280.36934240362814
280.82213151927436
281.9366893424036
282.49396825396826
282.9467573696145
283.87555555555554
284.37478458049884
285.6867120181406
286.20916099773245
286.6619501133787
287.1960090702948
288.36861678004533
288.92589569161
289.3554648526077
290.0985034013605
290.737052154195
291.35238095238094
292.2695691609977
299.5374149659864
300.0250340136054
300.40816326530614
300.710022675737
301.00027210884355
301.31374149659865
301.7317006802721
302.3818594104308
302.8926984126984
303.2990476190476
303.5892970521542
304.00725623582764
305.08698412698413
306.5498412698413
306.94458049886623
314.2588662131519
314.82775510204084
315.32698412698414
318.04371882086167
318.3804081632653
318.74031746031744
319.08861678004536
319.5762358276644
319.8316553287982
320.3889342403628
321.7124716553288
322.0259410430839
322.49034013605444
323.04761904761904
323.76743764172335
324.2782766439909
324.8239455782313
325.7759637188209
326.6118820861678
329.43310657596373
332.01052154195014
334.22802721088436
335.1684353741497
335.55156462585035
336.05079365079365
336.45714285714286
337.037641723356
340.89215419501136
341.54231292517005
344.0965079365079
344.5028571428571
344.9556462585034
346.2211337868481
349.69251700680275
350.11047619047616
350.50521541950116
352.0261224489796
352.50213151927437
352.95492063492065
353.3960997732426
354.2204081632653
354.7196371882086
355.31174603174605
355.7645351473923
356.2985941043084
356.6933333333333
357.21578231292517
357.94721088435375
358.5277097505669
361.98748299319726
362.44027210884354
362.858231292517
363.3226303854875
364.0192290249433
364.47201814058957
364.92480725623585
365.73750566893426
366.213514739229
366.6663038548753
369.9287074829932
370.38149659863944
370.82267573696146
371.2754648526077
374.90938775510205
375.3273469387755
375.76852607709753
376.2445351473923
379.147029478458
379.57659863945577
379.99455782312924
380.424126984127
380.8304761904762
384.0928798185941
384.55727891156465
385.0100680272109
385.46285714285716
385.9040362811791
388.8065306122449
389.2477097505669
391.105306122449
394.3909297052154
394.82049886621314
395.2500680272109
395.7492970521542
396.1904761904762
397.0147845804989
399.49931972789113
400.2075283446712
400.70675736961454
401.1363265306122
401.5891156462585
402.0883446712018
402.57596371882084
403.06358276643994
403.64408163265307
404.1317006802721
404.6657596371882
405.3275283446712
406.32598639455784
406.9413151927438
407.4289342403628
408.00943310657595
409.7857596371882
410.2965986394558
410.77260770975056
411.3066666666667
413.4661224489796
414.058231292517
414.5574603174603
415.3237188208617
417.5992743764172
418.07528344671204
418.5512925170068
418.9924716553288
419.4568707482993
420.02575963718823
420.51337868480726
421.1867573696145
421.4421768707483
421.9994557823129
422.5683446712018
423.0443537414966
423.46231292517007
424.3562811791383
424.72780045351476
425.81913832199547
426.32997732426304
426.8988662131519
430.8810884353741
431.28743764172333
431.8679365079365
432.32072562358275
432.8431746031746
435.6063492063492
436.00108843537413
436.8602267573696
437.30140589569163
439.2518820861678
439.7278911564626
440.1342403628118
440.5986394557823
442.6419954648526
443.1296145124717
443.5824036281179
444.0816326530612
444.5924716553288
445.1149206349206
445.7999092970522
446.3571882086168
446.80997732426306
447.3324263038549
447.8432653061225
449.77052154195013
450.2117006802721
450.72253968253966
451.53523809523807
452.0692970521542
452.6033560090703
453.11419501133787
453.56698412698415
454.1010430839002
455.5174603174603
459.3139229024943
459.8015419501134
460.28916099773244
460.8116099773243
465.5252607709751
466.04770975056687
466.46566893424034
466.90684807256235
467.3828571428571
467.8356462585034
469.94866213151926
470.378231292517
470.8310204081633
471.30702947845805
472.02684807256236
472.584126984127
474.25596371882085
474.79002267573696
475.25442176870746
477.483537414966
478.01759637188206
478.5168253968254
479.1205442176871
481.500589569161
482.10430839002265
484.2869841269841
484.77460317460316
485.26222222222225
486.44643990929706
486.91083900226755
487.44489795918366
488.0137868480726
488.5014058956916
491.47356009070296
493.64462585034016
493.9697052154195
494.48054421768705
494.92172335600907
495.43256235827664
495.8969614512472
500.3784126984127
500.86603174603175
501.318820861678
501.78321995464853
502.27083900226756
502.8048979591837
503.25768707482996
503.75691609977326
504.2909750566893
504.8714739229025
506.13696145124715
508.12226757369615
515.2972335600907
515.750022675737
516.2144217687074
516.6556009070295
517.1316099773243
517.6888888888889
519.9180045351474
520.3591836734694
520.8235827664399
521.3460317460317
521.8220408163265
524.4807256235828
524.933514739229
525.3514739229025
525.7810430839003
526.2454421768707
528.7067573696145
529.1595464852608
529.612335600907
530.0767346938776
530.5875736961451
531.1332426303854
531.597641723356
532.1200907029479
532.654149659864
533.1765986394557
533.803537414966
538.3198185941043
538.7261678004535
539.1789569160998
542.1743310657596
542.5922902494331
543.1263492063492
543.5907482993198
544.0319274376417
544.484716553288
545.0303854875283
545.5992743764173
546.075283446712
546.5396825396825
547.0737414965986
547.572970521542
548.6875283446713
549.3376870748299
549.871746031746
550.3477551020408
550.928253968254
551.4971428571429
552.0544217687075
552.6581405895691
553.227029478458
553.7146485260771
556.0134240362812
558.9275283446711
559.3570975056689
559.7866666666666
560.2626757369615
560.727074829932
561.2263038548753
561.7255328798186
562.2712018140589
562.8052607709751
563.2580498866213
563.7804988662132
564.3377777777778
564.9414965986394
565.5452154195011
566.11410430839
566.6365532879819
567.1241723356009
567.6698412698413
568.2967800453515
568.8656689342404
569.422947845805
569.9802267573696
570.5839455782312
571.1760544217688
571.8494331065759
572.6505215419501
573.2078004535148
573.7650793650794
574.3455782312925
575.9477551020408
576.5166439909297
577.0623129251701
577.6892517006803
578.2233106575964
578.8386394557823
579.3610884353742
579.9183673469388
580.7542857142857
582.5654421768708
583.2968707482993
583.8077097505669
584.3533786848072
584.9106575963718
586.8263038548753
587.3255328798186
587.8363718820862
588.358820861678
588.9160997732426
589.4965986394558
590.1003174603175
598.2737414965986
598.7149206349206
599.1212698412699
599.5856689342404
600.1081179138322
600.5957369614513
601.0949659863945
601.6870748299319
602.790022675737
603.2544217687075
603.7768707482993
604.2180498866213
604.8914285714286
605.5880272108843
606.0756462585034
607.2366439909297
607.7707029478458
608.2467120181406
608.7227210884354
609.2335600907029
609.8140589569161
610.4409977324264
610.9750566893424
612.6004535147392
613.1577324263038
613.6105215419501
614.0981405895692
614.6321995464853
615.1546485260772
615.8628571428571
616.3853061224489
616.9077551020408
617.4766439909297
618.0107029478459
618.5563718820862
619.0672108843537
619.6360997732427
620.2514285714286
620.7622675736961
621.3543764172335
621.9580952380952
622.4805442176871
623.6763718820862
624.1639909297052
624.6632199546485
625.2088888888889
625.7313378684808
626.3002267573696
626.892335600907
627.3799546485261
627.8675736961451
628.4945124716553
629.05179138322
629.5742403628118
630.1779591836735
631.1067573696145
631.7685260770975
632.2677551020408
632.7902040816326
