2.2639455782312927
2.3336054421768706
2.5309750566893423
3.0998639455782313
4.156371882086168
4.388571428571429
4.690430839002268
4.876190476190477
5.201269841269841
5.410249433106576
6.060408163265306
6.617687074829932
6.919546485260771
7.3723356009070296
7.836734693877551
8.324353741496598
8.579773242630386
8.765532879818593
8.904852607709751
9.32281179138322
9.58984126984127
9.891700680272109
10.286439909297052
10.634739229024943
10.983038548752834
11.354557823129252
11.702857142857143
12.016326530612245
12.34140589569161
12.60843537414966
24.86857142857143
25.658049886621317
26.261768707482993
26.749387755102042
27.376326530612246
29.90730158730159
37.46539682539682
37.871746031746035
38.32453514739229
38.846984126984125
41.00643990929705
41.366349206349206
41.73786848072562
42.22548752834467
43.68834467120181
53.52199546485261
53.97478458049886
55.797551020408164
56.28517006802721
56.98176870748299
57.30684807256236
58.82775510204082
62.914467120181406
69.31156462585034
69.77596371882086
70.17070294784581
70.53061224489795
70.91374149659863
71.19238095238096
71.62195011337869
75.33714285714285
75.65061224489796
75.94086167800454
76.62585034013605
76.99736961451246
77.35727891156462
78.04226757369615
78.90140589569161
81.37433106575963
82.05931972789115
91.08027210884353
91.55628117913832
91.83492063492064
92.49668934240363
92.98430839002268
93.55319727891157
93.91310657596372
94.23818594104308
94.63292517006802
94.9231746031746
95.16698412698413
95.66621315192744
96.06095238095239
96.44408163265307
97.00136054421769
100.35664399092971
104.89614512471655
105.18639455782314
111.95501133786848
112.46585034013606
113.53396825396825
113.85904761904762
114.20734693877552
116.95891156462585
117.49297052154195
117.89931972789115
118.32888888888888
118.87455782312925
119.30412698412698
119.54793650793651
119.87301587301587
120.17487528344671
120.7437641723356
121.3707029478458
130.36843537414967
130.7631746031746
131.21596371882086
132.59755102040816
133.00390022675737
133.44507936507935
136.92807256235827
137.31120181405896
137.6827210884354
138.07746031746032
139.37777777777777
139.76090702947846
141.374693877551
144.35845804988662
144.7067573696145
145.47301587301587
145.92580498866212
148.01560090702947
148.39873015873016
149.93124716553288
150.40725623582767
155.89877551020408
156.29351473922904
157.6751020408163
158.06984126984128
160.61242630385487
161.01877551020408
161.76181405895693
162.34231292517006
163.81678004535146
164.281179138322
164.75718820861678
166.1619954648526
166.59156462585034
168.08925170068028
168.54204081632653
169.00643990929706
170.3415873015873
170.86403628117912
173.12798185941043
173.53433106575963
173.98712018140588
174.48634920634922
174.9971882086168
175.4267573696145
177.84163265306123
178.2595918367347
179.85015873015874
180.31455782312926
180.8718367346939
181.28979591836736
182.62494331065759
183.13578231292516
183.64662131519273
184.1342403628118
186.40979591836734
186.83936507936508
187.36181405895692
187.8378231292517
188.36027210884353
189.660589569161
190.18303854875285
190.7287074829932
191.25115646258504
191.92453514739228
196.49886621315193
196.90521541950113
197.38122448979593
200.57396825396825
201.07319727891158
201.5027664399093
201.95555555555555
202.30385487528343
202.67537414965986
203.1281632653061
203.74349206349206
204.11501133786848
204.53297052154196
205.7752380952381
206.07709750566895
206.34412698412697
206.6924263038549
207.11038548752833
207.63283446712018
207.98113378684806
208.4455328798186
208.78222222222223
210.01287981859412
210.39600907029478
210.81396825396826
211.2087074829932
211.89369614512472
212.3348752834467
212.69478458049886
213.15918367346939
218.16308390022675
218.5926530612245
218.96417233560092
219.41696145124718
220.11356009070295
220.4038095238095
220.79854875283448
221.15845804988663
221.49514739229025
221.75056689342404
231.5377777777778
231.9673469387755
232.43174603174603
235.7754195011338
236.22820861678005
236.61133786848072
237.14539682539683
239.45578231292518
239.8853514739229
240.33814058956915
240.8257596371882
241.61523809523808
241.82421768707482
242.13768707482993
242.41632653061225
242.82267573696146
243.1825850340136
243.4031746031746
243.7166439909297
244.0068934240363
244.45968253968255
244.7267120181406
245.098231292517
245.318820861678
245.62068027210884
245.96897959183673
246.7932879818594
247.22285714285715
247.59437641723355
247.97750566893424
248.18648526077098
248.60444444444445
248.9643537414966
249.2197732426304
249.51002267573696
249.82349206349207
250.06730158730159
250.33433106575964
250.68263038548753
251.0309297052154
251.30956916099774
251.62303854875285
251.95972789115646
252.37768707482994
263.7206349206349
264.1153741496599
264.6146031746032
264.96290249433105
265.2531519274376
265.58984126984126
265.94975056689344
266.24
267.31972789115645
267.54031746031745
267.784126984127
269.6417233560091
269.9784126984127
270.48925170068026
272.1378684807256
273.2175963718821
273.51945578231295
277.83836734693875
278.0821768707483
278.3492063492063
278.73233560090705
279.1502947845805
279.35927437641726
279.7424036281179
280.3112925170068
280.64798185941044
280.89179138322
283.4343764172336
289.6108843537415
289.98240362811794
291.60780045351476
291.93287981859413
292.25795918367345
292.74557823129254
294.7657142857143
295.16045351473923
295.74095238095236
297.9468480725624
298.3415873015873
300.6171428571429
301.0699319727891
301.4878911564626
302.0103401360544
302.4631292517007
305.30757369614514
305.7371428571429
306.1318820861678
306.67755102040815
307.2
310.29986394557824
310.70621315192744
311.1357823129252
311.57696145124714
313.19074829931975
313.65514739229025
314.1659863945578
315.37342403628116
315.8610430839002
326.2403628117914
326.57705215419503
326.97179138321997
328.0979591836735
328.4694784580499
330.24580498866214
330.65215419501135
334.7736961451247
335.2148752834467
335.6328344671202
338.6049886621315
338.99972789115645
339.4176870748299
339.8936961451247
341.5307029478458
341.98349206349206
342.4130612244898
342.8310204081633
343.2257596371882
344.6421768707483
345.0601360544218
346.6507029478458
347.06866213151926
350.6097052154195
351.027664399093
351.4456235827664
351.91002267573697
360.67555555555555
361.0586848072562
361.5114739229025
368.5703401360544
368.96507936507936
369.3946485260771
369.8126077097506
370.25378684807254
371.3102947845805
371.6585941043084
372.1229931972789
374.1663492063492
374.6075283446712
375.1067573696145
377.1965532879819
377.6029024943311
378.0092517006803
378.52009070294787
379.0541496598639
379.5533786848072
383.1756916099773
383.57043083900226
384.01160997732427
384.5340589569161
385.0913378684807
385.48607709750564
388.19120181405896
388.64399092970524
389.10839002267574
389.64244897959185
390.2113378684807
390.6525170068027
391.1981859410431
391.95283446712017
392.3940136054422
395.6912471655329
396.1556462585034
396.5968253968254
397.04961451247163
397.5024036281179
399.5573696145125
400.021768707483
400.50938775510207
400.93895691609976
401.4614058956916
401.9954648526077
402.448253968254
403.82984126984127
404.34068027210884
404.78185941043085
405.2926984126984
405.8615873015873
406.3608163265306
406.9297052154195
414.54585034013604
414.9638095238095
415.4398185941043
415.869387755102
416.17124716553286
416.4150566893424
416.7633560090703
417.08843537414964
417.65732426303856
417.9243537414966
418.34231292517006
418.737052154195
419.8748299319728
420.1302494331066
420.43210884353743
420.8616780045351
421.2680272108843
421.69759637188207
422.2200453514739
422.61478458049885
423.19528344671204
423.5435827664399
423.8222222222222
424.0892517006803
424.3911111111111
424.7045804988662
424.96
425.3082993197279
425.7494784580499
426.92208616780044
427.18911564625853
427.54902494331066
427.95537414965986
432.39038548752836
432.70385487528347
433.1102040816327
433.48172335600907
433.89968253968254
434.30603174603175
434.77043083900224
435.2232199546485
435.74566893424037
436.2681179138322
436.70929705215417
437.2433560090703
437.7193650793651
441.4577777777778
441.93378684807254
442.3633560090703
442.74648526077095
443.1760544217687
443.60562358276644
444.07002267573694
444.5924716553288
445.08009070294787
445.6257596371882
446.14820861678004
446.90285714285716
447.3904761904762
447.91292517006804
457.444716553288
457.79301587301586
458.2341950113379
458.6405442176871
459.0817233560091
459.5693424036281
460.01052154195014
462.72725623582767
463.11038548752833
463.4354648526077
463.8069841269841
464.1668934240363
464.5268027210884
464.9795918367347
466.22185941043085
467.82403628117913
468.26521541950115
468.6831746031746
473.53614512471654
473.79156462585036
474.0934240362812
474.3604535147392
474.66231292517006
474.9990022675737
475.39374149659864
475.92780045351475
478.3891156462585
479.37596371882086
479.6429931972789
479.9448526077098
480.2699319727891
480.69950113378684
481.0942403628118
481.3380498866213
481.6166893424036
481.98820861678007
482.27845804988664
482.73124716553286
483.18403628117915
486.26068027210886
486.5160997732426
486.72507936507935
487.10820861678
487.35201814058956
487.58421768707484
487.86285714285714
488.12988662131517
488.43174603174606
488.7452154195011
489.0586848072562
489.3837641723356
489.6624036281179
490.03392290249434
490.3590022675737
490.89306122448977
491.25297052154195
491.60126984126987
492.0424489795918
492.48362811791384
492.9596371882086
493.44725623582764
494.0045351473923
495.69959183673467
496.0827210884354
499.6121541950113
499.96045351473924
500.33197278911564
500.68027210884355
501.098231292517
501.55102040816325
502.08507936507937
502.58430839002267
503.03709750566895
503.5131065759637
504.00072562358275
504.5115646258503
505.04562358276644
505.5680725623583
506.1021315192744
506.71746031746034
507.1354195011338
507.6346485260771
508.0526077097506
513.8924263038549
514.20589569161
514.5890249433106
514.8792743764172
515.2159637188208
515.5642630385488
515.9357823129252
516.3305215419501
516.7600907029479
517.2477097505669
519.151746031746
519.4884353741496
519.8715646258504
520.2895238095238
520.7887528344671
521.2763718820862
521.7407709750566
522.4954195011338
522.8088888888889
523.122358276644
524.2369160997732
524.5619954648527
525.0031746031746
525.4095238095238
526.384761904762
526.8723809523809
527.3367800453515
527.847619047619
528.3236281179138
528.8112471655329
531.8298412698413
532.2826303854876
532.7354195011338
533.18820861678
533.6409977324263
534.1402267573696
534.6046258503401
535.0458049886621
535.4869841269841
535.881723356009
536.3112925170068
536.7640816326531
538.0760090702947
538.6448979591837
540.6069841269841
541.1178231292517
541.5590022675736
542.0930612244898
542.5690702947845
543.0682993197279
543.555918367347
544.043537414966
544.8562358276644
545.2741950113378
545.6108843537415
545.9359637188209
546.3074829931973
546.8183219954649
547.2827210884353
547.7703401360544
548.281179138322
548.8384580498866
549.3609070294784
549.8369160997732
550.359365079365
550.928253968254
551.6596825396825
552.0892517006803
552.4491609977324
552.9251700680272
553.7494784580499
554.1674376417234
554.5273469387755
555.7812244897959
556.1759637188209
556.4778231292516
556.7796825396825
557.0351020408164
557.3253514739229
557.6039909297052
557.8710204081633
558.1496598639455
558.474739229025
558.695328798186
558.9855782312925
559.3106575963719
560.0072562358276
560.3555555555556
560.6109750566893
560.9708843537416
561.1914739229024
561.4468934240363
568.807619047619
569.1094784580499
569.3416780045352
569.7131972789116
570.0498866213152
570.3749659863946
570.7697052154195
571.0483446712018
571.2921541950113
571.5940136054422
571.8494331065759
572.1861224489796
572.4531519274376
572.6969614512471
572.998820861678
573.2310204081633
573.5444897959184
574.0204988662132
574.3107482993197
574.5081179138322
574.8564172335601
575.1350566893424
575.5065759637188
575.7619954648526
576.3308843537415
576.5863038548753
576.9346031746031
577.2596825396826
577.5499319727891
579.7326077097506
580.4292063492063
580.6962358276644
580.8936054421769
581.160634920635
581.4857142857143
581.7759637188209
581.9733333333334
582.3912925170068
583.238820861678
584.2372789115647
584.5391383219954
584.782947845805
585.0267573696145
585.3634467120181
585.7349659863945
586.0832653061225
586.501224489796
586.8843537414966
588.2195011337868
588.5097505668934
588.8928798185941
589.3456689342404
589.6939682539683
590.1699773242631
590.5531065759637
590.9478458049887
591.3890249433107
591.6676643990929
593.4091609977324
593.745850340136
594.2799092970522
594.7326984126984
595.1506575963718
595.464126984127
595.8588662131519
596.2071655328798
596.5438548752835
597.0082539682539
597.4842630385488
598.8774603174603
599.3418594104309
599.7482086167801
600.2009977324263
600.7002267573696
601.1878458049887
601.6986848072562
602.2095238095238
602.6739229024944
603.939410430839
604.9959183673469
605.5531972789115
606.0059863945578
606.4471655328798
606.8999546485261
607.1553741496599
607.4804535147392
607.8984126984127
609.2683900226757
609.6863492063492
610.1275283446712
610.5454875283447
611.0679365079365
611.5555555555555
612.0199546485261
612.6004535147392
614.1213605442177
614.5857596371882
615.061768707483
615.5609977324264
616.0253968253968
616.559455782313
617.0819047619048
617.6972335600907
618.7305215419501
619.2645804988662
619.7754195011338
620.2514285714286
621.3427664399093
621.8768253968254
622.3528344671201
623.4209523809524
623.9434013605443
624.4310204081632
624.9302494331066
625.4526984126984
626.0215873015873
626.5556462585034
627.066485260771
627.7630839002268
628.7847619047619
629.365260770975
629.9225396825397
