0.5456689342403628
0.7546485260770975
1.207437641723356
1.474467120181406
1.7414965986394557
1.9504761904761905
2.2058956916099772
2.995374149659864
3.1927437641723357
3.4249433106575964
3.924172335600907
5.050340136054421
5.3986394557823125
5.735328798185941
5.897868480725624
6.2693877551020405
6.791836734693877
8.359183673469389
8.544943310657596
8.765532879818593
8.974512471655329
9.218321995464853
9.369251700680271
10.634739229024943
11.679637188208616
12.422675736961452
13.142494331065759
13.688163265306123
13.955192743764172
14.187392290249432
14.500861678004535
14.779501133786848
15.348390022675737
15.696689342403628
20.259410430839
20.59609977324263
20.886349206349205
21.257868480725623
21.73387755102041
27.805895691609976
28.11936507936508
28.421224489795918
28.676643990929705
29.013333333333332
29.26875283446712
29.58222222222222
29.837641723356008
30.56907029478458
30.859319727891158
31.13795918367347
31.451428571428572
31.927437641723355
32.40344671201814
32.76335600907029
33.425124716553285
33.94757369614513
54.090884353741494
135.6625850340136
135.9760544217687
136.1618140589569
136.35918367346937
136.62621315192743
136.90485260770976
137.60145124716553
138.04263038548754
138.2748299319728
138.6115192743764
138.94820861678005
139.2500680272109
139.88861678004534
140.16725623582767
140.86385487528344
141.11927437641722
141.6649433106576
141.88553287981858
142.1641723356009
142.43120181405897
142.7562811791383
143.05814058956915
143.46448979591835
143.83600907029478
144.2307482993197
144.78802721088437
145.17115646258503
146.3437641723356
147.19129251700681
147.64408163265307
148.08526077097505
149.15337868480725
149.65260770975055
150.54657596371882
151.06902494331067
152.10231292517005
152.35773242630387
152.6247619047619
152.94984126984127
153.22848072562357
153.4374603174603
153.68126984126985
154.01795918367347
154.33142857142857
154.67972789115646
155.23700680272108
155.58530612244897
156.0497052154195
158.38331065759638
158.61551020408163
158.8825396825397
159.13795918367347
159.42820861678004
159.73006802721088
160.0319274376417
160.38022675736963
160.70530612244897
161.25097505668936
162.737052154195
163.03891156462586
163.32916099773243
163.6542403628118
163.9096598639456
164.23473922902494
164.5598185941043
164.87328798185942
165.27963718820862
165.6627664399093
166.25487528344672
166.62639455782312
167.27655328798187
169.3315192743764
169.69142857142856
171.52580498866214
171.86249433106576
172.7912925170068
173.27891156462584
174.16126984126984
176.065306122449
176.4019954648526
176.70385487528344
177.04054421768708
177.33079365079365
177.70231292517008
178.06222222222223
178.49179138321995
178.96780045351474
179.46702947845804
183.05451247165533
183.73950113378686
184.09941043083901
184.36643990929704
184.71473922902496
185.09786848072562
185.48099773242632
185.80607709750566
186.68843537414966
187.01351473922904
187.3966439909297
188.2790022675737
188.56925170068027
189.0917006802721
189.68380952380951
190.2526984126984
190.64743764172334
191.3208163265306
191.71555555555557
192.14512471655328
192.53986394557822
192.87655328798186
193.31773242630385
193.92145124716552
194.36263038548753
194.95473922902494
195.3146485260771
195.87192743764172
196.35954648526078
196.61496598639457
197.11419501133787
197.42766439909298
198.0081632653061
198.2635827664399
199.15755102040816
199.73804988662133
200.1792290249433
200.6552380952381
201.07319727891158
201.7465759637188
202.30385487528343
203.16299319727892
203.53451247165532
203.97569160997733
204.27755102040817
204.53297052154196
204.86965986394557
205.1134693877551
205.38049886621314
205.75201814058957
206.00743764172336
206.2744671201814
206.59954648526076
206.97106575963718
207.31936507936507
207.88825396825396
208.2829931972789
208.65451247165532
209.1653514739229
210.6746485260771
211.03455782312926
211.5221768707483
211.9981859410431
212.60190476190476
212.9037641723356
213.36816326530612
213.9718820861678
214.29696145124717
214.6336507936508
214.95873015873016
215.1677097505669
215.43473922902496
215.71337868480725
216.02684807256236
219.14993197278912
219.9742403628118
220.22965986394559
220.55473922902493
220.821768707483
221.1352380952381
221.42548752834466
221.7621768707483
222.02920634920636
222.27301587301588
222.56326530612245
222.95800453514738
223.24825396825398
224.92009070294785
225.6282993197279
226.30167800453515
227.57877551020408
228.1360544217687
228.5772335600907
229.0184126984127
229.3318820861678
229.59891156462584
229.81950113378684
230.04009070294785
230.28390022675737
230.52770975056688
230.77151927437643
231.02693877551022
231.30557823129251
231.66548752834467
231.944126984127
232.19954648526078
232.47818594104308
232.74521541950114
233.18639455782312
233.46503401360545
233.755283446712
234.09197278911566
234.4518820861678
234.77696145124716
235.13687074829932
235.49678004535147
235.81024943310658
236.4371882086168
236.72743764172336
237.06412698412697
237.59818594104308
238.78240362811792
240.72126984126984
241.16244897959183
241.6732879818594
242.0215873015873
242.47437641723357
242.72979591836736
243.04326530612244
243.29868480725622
243.61215419501133
243.92562358276643
244.2855328798186
244.65705215419501
245.0750113378685
246.1082993197279
246.71201814058958
247.8381859410431
248.2445351473923
248.67410430839
249.10367346938776
249.3707029478458
249.7190022675737
250.25306122448978
250.79873015873017
253.88698412698412
254.28172335600908
254.56036281179138
254.88544217687075
255.58204081632653
256.6037188208617
257.2306575963719
257.8459863945578
258.20589569160995
258.5890249433107
258.9605442176871
259.42494331065757
259.84290249433104
260.6207709750567
261.1780498866213
261.92108843537414
262.3042176870748
262.884716553288
274.07673469387754
274.3669841269841
279.4405442176871
279.7772335600907
280.17197278911567
280.4041723356009
280.9846712018141
281.820589569161
282.261768707483
282.71455782312927
283.72462585034015
285.12943310657596
286.5690702947846
286.9638095238095
287.54430839002265
287.98548752834466
288.6124263038549
289.03038548752835
289.367074829932
289.6921541950113
289.98240362811794
290.3655328798186
290.65578231292517
290.9692517006803
291.2711111111111
291.60780045351476
292.02575963718823
292.3972789115646
292.89650793650793
293.29124716553287
293.7556462585034
294.3477551020408
294.6263945578231
294.9979138321996
295.2997732426304
295.7177324263039
295.97315192743764
296.2169614512472
296.72780045351476
297.5869387755102
298.4460770975057
299.54902494331066
299.7231746031746
299.96698412698413
300.26884353741497
300.77968253968254
301.12798185941045
301.46467120181404
301.95229024943313
302.37024943310655
302.7069387755102
303.00879818594103
303.35709750566895
303.7982766439909
304.1581859410431
304.552925170068
304.98249433106577
305.44689342403626
305.93451247165535
306.317641723356
306.65433106575966
306.99102040816325
307.43219954648526
308.22167800453514
308.70929705215417
309.0575963718821
309.452335600907
309.78902494331066
310.2302040816327
315.28054421768707
315.7681632653061
316.2790022675737
316.5924716553288
317.01043083900225
317.4051700680272
317.8115192743764
318.0785487528345
318.32235827664397
318.6590476190476
318.984126984127
319.3904761904762
320.35410430839005
320.72562358276645
321.09714285714284
321.7008616780045
322.7457596371882
324.39437641723356
326.7628117913832
328.0050793650794
328.4578684807256
330.9772335600907
331.38358276643993
331.9524716553288
332.46331065759637
332.9044897959184
333.34566893424034
333.82167800453516
334.41378684807256
335.01750566893423
338.04770975056687
353.26839002267576
353.5702494331066
353.8837188208617
354.2204081632653
354.5222675736961
354.87056689342404
355.1027664399093
355.31174603174605
355.6948752834467
356.05478458049885
356.50757369614513
356.8790929705215
357.2390022675737
357.68018140589567
357.9820408163265
358.2490702947846
358.6554195011338
359.10820861678
359.64226757369613
360.2459863945578
360.7800453514739
361.093514739229
361.43020408163267
362.17324263038546
364.06566893424036
364.4139682539683
364.7158276643991
364.98285714285714
365.23827664399096
365.4936961451247
365.79555555555555
366.16707482993195
366.57342403628115
367.0842630385487
367.5718820861678
367.87374149659865
368.1639909297052
368.43102040816325
368.7328798185941
369.27854875283447
369.73133786848075
370.28861678004534
370.69496598639455
371.04326530612246
371.50766439909296
372.05333333333334
372.4016326530612
373.00535147392293
373.4349206349206
373.980589569161
374.59591836734694
375.03709750566895
375.4550566893424
375.76852607709753
376.1980952380952
376.6857142857143
377.6957823129252
378.35755102040815
378.7522902494331
379.30956916099774
380.2615873015873
380.7956462585034
381.8637641723356
386.867664399093
387.25079365079364
387.796462585034
388.31891156462586
388.79492063492063
389.38702947845803
389.8746485260771
390.3158276643991
390.5944671201814
390.884716553288
391.1633560090703
391.5348752834467
391.95283446712017
400.2307482993197
401.12471655328795
401.7284353741497
402.1347845804989
402.5063038548753
402.8662131519274
403.1680725623583
403.9111111111111
404.8050793650794
405.2230385487528
406.7439455782313
407.23156462585035
407.60308390022675
408.14875283446713
408.74086167800453
409.1936507936508
409.4722902494331
409.6696598639456
409.91346938775513
410.21532879818596
410.482358276644
410.71455782312927
410.9351473922903
411.1673469387755
411.4227664399093
411.72462585034015
411.9800453514739
412.3051247165533
412.6534240362812
413.4196825396825
413.86086167800454
414.23238095238094
415.90421768707483
416.31056689342404
420.52498866213153
421.1287074829932
421.48861678004533
421.83691609977325
422.27809523809526
422.70766439909295
423.33460317460316
423.810612244898
424.2053514739229
424.5884807256236
424.8671201814059
425.2734693877551
425.61015873015873
425.9468480725624
426.3764172335601
429.15120181405894
429.54594104308393
429.87102040816325
430.13804988662133
430.45151927437644
431.00879818594103
431.7982766439909
432.58775510204083
433.04054421768706
433.55138321995463
433.89968253968254
434.1899319727891
434.45696145124714
434.77043083900224
435.0722902494331
435.52507936507936
436.1404081632653
436.50031746031743
436.88344671201816
437.22013605442174
437.56843537414966
437.93995464852605
438.38113378684807
439.2286621315193
439.6930612244898
439.9949206349206
440.3548299319728
440.8888888888889
441.24879818594104
441.96861678004535
442.2936961451247
442.65360544217685
443.1296145124717
444.8478911564626
445.17297052154197
445.59092970521544
446.09015873015875
446.82158730158733
447.68072562358276
448.04063492063494
448.5514739229025
449.22485260770975
449.94467120181406
450.2465306122449
451.001179138322
451.4307482993197
452.1621768707483
452.70784580498866
453.21868480725624
454.9601814058957
457.7581859410431
459.97569160997733
460.2659410430839
460.6258503401361
461.10185941043085
461.64752834467123
464.49197278911566
464.9447619047619
465.258231292517
465.50204081632654
465.74585034013603
466.1057596371882
466.581768707483
467.1970975056689
467.81242630385486
468.39292517006805
469.07791383219956
469.4378231292517
469.7745124716553
470.04154195011336
470.27374149659863
470.58721088435374
471.1096598639456
471.43473922902496
472.6073469387755
472.9208163265306
473.1530158730159
473.3736054421769
473.60580498866216
473.8728344671202
474.1863038548753
474.4997732426304
474.79002267573696
475.3240816326531
475.9626303854875
476.7172789115646
477.42548752834466
477.7157369614512
479.96807256235826
480.4324716553288
480.82721088435375
481.23356009070295
481.5586394557823
481.86049886621316
482.13913832199546
482.46421768707484
482.96344671201814
483.24208616780044
483.68326530612245
484.19410430839
484.63528344671204
485.076462585034
485.6453514739229
486.0284807256236
486.8063492063492
487.8164172335601
488.5942857142857
489.61596371882086
490.4634920634921
491.1368707482993
491.48517006802723
491.84507936507936
492.12371882086165
492.4604081632653
492.9131972789116
493.6330158730159
494.88689342403626
498.5208163265306
503.1067573696145
503.3273469387755
503.59437641723355
504.23292517006803
504.5580045351474
506.9264399092971
509.38775510204084
510.7112925170068
511.01315192743766
511.29179138321996
511.80263038548753
514.1942857142857
514.4845351473923
514.7631746031745
517.5379591836735
517.7933786848073
518.0371882086167
518.3158276643991
519.105306122449
519.4419954648527
522.3212698412699
522.6231292517007
522.8901587301588
523.1804081632653
523.5054875283447
