5.282539682539682
5.7004988662131515
5.990748299319728
6.582857142857143
6.861496598639456
7.244625850340136
7.453605442176871
7.616145124716553
7.75546485260771
8.103764172335602
8.568163265306122
9.868480725623582
10.367709750566894
10.611519274376418
10.95981859410431
11.57514739229025
63.622675736961455
64.12190476190476
64.96943310657596
66.40907029478458
66.82702947845804
71.32009070294785
71.83092970521542
73.18929705215419
73.74657596371883
74.07165532879819
74.48961451247166
74.89596371882087
75.33714285714285
75.80154195011337
76.3007709750567
76.7071201814059
84.86893424036282
85.26367346938775
85.6584126984127
86.88907029478457
87.51600907029479
91.91619047619048
92.34575963718821
92.84498866213151
93.52997732426304
94.24979591836734
95.08571428571429
95.82875283446712
96.23510204081633
96.62984126984126
98.26684807256235
100.37986394557824
104.76843537414966
104.9774149659864
105.58113378684807
106.12680272108844
112.03628117913833
112.41941043083901
113.12761904761905
113.54557823129252
114.12607709750567
118.30566893424036
118.67718820861678
119.02548752834467
119.3621768707483
119.64081632653061
119.94267573696145
120.3374149659864
120.85986394557823
121.48680272108844
121.98603174603174
122.33433106575964
122.63619047619048
123.4140589569161
123.80879818594104
124.62149659863945
127.16408163265307
127.53560090702948
127.83746031746031
128.17414965986396
128.4992290249433
128.76625850340136
129.09133786848074
129.39319727891157
129.74149659863946
130.07818594104307
130.50775510204082
130.87927437641724
131.18113378684808
131.47138321995465
131.75002267573697
132.06349206349208
132.43501133786847
136.2895238095238
136.8584126984127
137.2995918367347
137.9265306122449
138.47219954648526
138.901768707483
139.98149659863947
140.43428571428572
140.97995464852607
141.82748299319726
142.87238095238095
143.69668934240363
144.83446712018142
148.12009070294783
149.38557823129253
149.7338775510204
150.14022675736962
150.53496598639455
150.9877551020408
151.76562358276644
153.44907029478458
153.85541950113378
155.34149659863945
156.4560544217687
156.79274376417234
157.0249433106576
157.35002267573697
157.62866213151926
157.9305215419501
158.26721088435374
158.72
159.02185941043084
159.30049886621316
159.602358276644
159.96226757369615
160.33378684807255
160.6936961451247
161.25097505668936
163.06213151927437
163.42204081632653
163.78195011337868
164.22312925170067
165.4770068027211
165.99945578231294
166.3825850340136
168.8671201814059
169.37795918367348
170.1209977324263
170.80598639455783
171.24716553287982
171.61868480725624
171.9437641723356
173.05832199546487
173.59238095238095
174.69532879818595
175.04362811791384
175.38031746031746
175.75183673469388
176.9708843537415
177.6907029478458
178.30603174603175
178.68916099773242
179.08390022675738
179.43219954648526
179.8037188208617
180.1752380952381
180.56997732426305
180.86022675736962
181.3014058956916
181.75419501133786
182.06766439909296
182.48562358276644
182.76426303854876
183.00807256235828
183.3447619047619
183.7278911564626
184.12263038548753
184.57541950113378
185.06303854875284
190.53133786848073
190.92607709750567
191.27437641723355
191.6342857142857
192.08707482993196
192.8301133786848
193.12036281179138
193.51510204081632
198.47256235827663
198.93696145124716
199.30848072562358
199.66839002267574
200.03990929705216
201.0615873015873
201.4331065759637
202.8611337868481
203.2210430839002
203.59256235827664
203.96408163265306
204.37043083900227
204.73034013605442
205.1482993197279
205.5546485260771
206.0887074829932
207.63283446712018
207.9114739229025
208.2249433106576
208.4803628117914
208.73578231292518
209.0724716553288
209.478820861678
210.4540589569161
211.13904761904763
211.54539682539684
214.07637188208616
214.42467120181405
214.7613605442177
215.23736961451246
215.69015873015874
216.09650793650795
216.61895691609976
217.03691609977324
217.43165532879817
217.84961451247165
218.26757369614512
218.72036281179138
220.45024943310656
220.85659863945577
221.262947845805
222.12208616780046
222.49360544217686
224.38603174603173
224.79238095238094
225.1871201814059
225.58185941043084
226.0694784580499
227.99673469387756
228.40308390022676
228.83265306122448
229.517641723356
230.28390022675737
231.00371882086168
231.27074829931973
231.59582766439908
231.92090702947846
232.2808163265306
232.59428571428572
232.79165532879819
233.20961451247166
234.38222222222223
234.8001814058957
235.0556009070295
235.34585034013605
235.69414965986394
236.3443083900227
237.58657596371881
237.83038548752833
238.08580498866212
238.36444444444444
238.58503401360545
238.84045351473924
239.10748299319727
239.39773242630386
239.71120181405897
240.198820861678
241.49913832199547
242.09124716553288
245.86448979591836
246.63074829931972
247.07192743764173
247.5479365079365
247.91945578231292
248.9063038548753
249.34748299319727
249.7422222222222
250.1950113378685
250.57814058956916
251.05414965986395
251.42566893424035
252.0409977324263
252.42412698412699
252.8885260770975
253.37614512471654
253.74766439909297
254.18884353741495
254.58358276643992
254.98993197278912
255.4311111111111
255.96517006802722
256.42956916099774
256.9520181405896
257.4164172335601
257.9504761904762
259.134693877551
259.6107029478458
259.9822222222222
260.4350113378685
260.91102040816327
261.32897959183674
261.79337868480724
262.2577777777778
262.68734693877553
263.18657596371884
263.63936507936506
264.13859410430837
264.68426303854875
265.4853514739229
265.9729705215419
266.44897959183675
267.00625850340134
267.6564172335601
268.1092063492064
268.5968253968254
269.02639455782315
269.54884353741494
270.0016326530612
270.52408163265306
275.1796825396825
275.74857142857144
276.2245804988662
276.7586394557823
277.2578684807256
278.0473469387755
278.4885260770975
278.8600453514739
279.1502947845805
279.51020408163265
279.88172335600905
280.4854421768708
282.2965986394558
282.67972789115646
283.0164172335601
283.45759637188206
283.9219954648526
285.9653514739229
286.48780045351475
286.9754195011338
287.2888888888889
287.5559183673469
287.822947845805
288.1596371882086
288.4498866213152
288.7401360544218
288.98394557823127
289.2741950113379
289.5180045351474
289.7734240362812
290.02884353741496
290.34231292517006
290.71383219954646
291.13179138321993
291.4104308390023
291.88643990929705
292.5598185941043
292.97777777777776
293.6859863945578
294.02267573696145
294.5102947845805
296.1821315192744
296.7626303854875
297.14575963718823
297.5753287981859
298.0397278911565
298.45768707482995
298.7595464852608
299.08462585034016
299.3516553287982
299.6186848072562
300.04825396825396
300.3385034013605
302.1496598639456
302.521179138322
302.73015873015873
303.09006802721086
303.40353741496597
303.6589569160998
304.2394557823129
304.57614512471656
304.90122448979594
305.3191836734694
306.08544217687074
306.52662131519276
310.6946031746032
311.06612244897957
311.48408163265304
311.98331065759635
312.47092970521544
313.28362811791385
313.643537414966
314.1659863945578
314.56072562358275
315.97714285714284
316.38349206349204
316.76662131519276
317.1149206349206
317.5677097505669
318.02049886621313
318.4848979591837
318.9492970521542
319.30920634920636
319.7039455782313
320.08707482993196
320.528253968254
321.015873015873
321.5151020408163
322.03755102040816
322.5019501133787
323.2914285714286
323.70938775510206
324.150566893424
324.591746031746
325.03292517006804
325.49732426303854
325.9268934240363
326.3680725623583
326.84408163265306
327.26204081632653
327.6916099773243
328.16761904761904
328.70167800453515
329.23573696145127
329.7697959183673
330.1877551020408
330.6753741496599
331.0701133786848
331.7318820861678
332.2078911564626
332.6142403628118
333.0786394557823
333.5778684807256
334.9478458049887
335.493514739229
335.934693877551
336.3526530612245
336.73578231292515
337.21179138322
337.699410430839
338.15219954648524
338.6165986394558
339.022947845805
339.49895691609976
339.9633560090703
340.4277551020408
340.9269841269841
342.02993197278914
342.7845804988662
343.24897959183676
343.701768707483
344.5957369614512
345.0949659863946
345.5593650793651
346.0237641723356
346.4533333333333
346.9525623582766
347.4517913832199
347.939410430839
348.4734693877551
349.042358276644
349.62285714285713
350.15691609977324
350.62131519274374
351.09732426303856
351.60816326530613
352.130612244898
352.6762811791383
353.3380498866213
353.941768707483
354.4409977324263
354.9866666666667
355.532335600907
356.0431746031746
356.4495238095238
356.82104308390024
357.35510204081635
357.9704308390023
358.4348299319728
358.841179138322
359.39845804988664
359.7815873015873
360.11827664399095
360.5362358276644
361.1399546485261
361.67401360544216
362.2312925170068
362.7305215419501
363.12526077097505
363.43873015873015
363.7638095238095
364.07727891156463
364.4255782312925
365.76072562358274
366.8172335600907
366.9449433106576
367.9550113378685
370.6136961451247
371.1709750566893
371.82113378684807
372.33197278911564
372.61061224489794
372.877641723356
373.1562811791383
373.4697505668934
373.71356009070297
374.00380952380954
374.31727891156464
374.6191383219955
374.94421768707485
375.62920634920636
375.9891156462585
376.36063492063494
376.6624943310658
376.9295238095238
377.2429931972789
377.57968253968255
378.07891156462586
378.6478004535147
380.5170068027211
380.74920634920636
381.0394557823129
381.34131519274376
381.79410430839005
382.07274376417234
382.51392290249436
382.8622222222222
383.1873015873016
383.4891609977324
383.80263038548753
384.33668934240364
384.661768707483
384.92879818594105
385.30031746031744
385.985306122449
386.3568253968254
386.78639455782314
387.6107029478458
387.9473922902494
388.2956916099773
388.6207709750567
389.05034013605444
389.42185941043084
389.8746485260771
390.443537414966
391.2214058956916
392.21986394557825
393.32281179138323
394.58829931972787
395.0294784580499
396.5271655328798
396.933514739229
397.4791836734694
398.7911111111111
399.16263038548755
399.7663492063492
400.8228571428571
401.2175963718821
401.6007256235828
402.007074829932
402.4714739229025
402.76172335600904
402.9707029478458
403.29578231292516
403.597641723356
403.9575510204082
404.24780045351474
404.56126984126985
404.9443990929705
405.31591836734697
405.803537414966
406.3956462585034
408.41578231292516
408.7873015873016
409.99473922902496
410.261768707483
410.50557823129253
410.78421768707483
411.08607709750567
411.36471655328796
411.7362358276644
412.00326530612244
412.31673469387755
412.6418140589569
419.1434013605442
419.5845804988662
420.01414965986396
421.7324263038549
422.02267573696145
422.24326530612245
422.4986848072562
422.75410430839
423.11401360544215
423.5435827664399
423.92671201814056
424.8555102040816
425.19219954648526
425.61015873015873
431.4267573696145
431.98403628117916
432.40199546485263
432.7851247165533
433.07537414965986
433.38884353741497
433.7255328798186
434.0390022675737
434.3756916099773
434.6427210884354
434.94458049886623
435.3160997732426
435.61795918367346
435.9198185941043
436.25650793650794
436.94149659863945
437.25496598639455
437.5800453514739
437.93995464852605
438.56689342403627
439.0545124716553
441.42294784580497
441.9221768707483
442.74648526077095
443.2457142857143
444.1280725623583
444.5924716553288
450.4671201814059
450.82702947845803
451.442358276644
451.9996371882086
452.4175963718821
453.68308390022673
454.06621315192746
454.57705215419503
455.07628117913833
455.5174603174603
455.94702947845803
456.3998185941043
457.0848072562358
458.4083446712018
458.79147392290247
459.0817233560091
459.4416326530612
459.70866213151925
460.01052154195014
460.4052607709751
461.13668934240366
462.1583673469388
462.61115646258503
463.01750566893423
463.4819047619048
464.3178231292517
464.7473922902494
465.23501133786846
465.72263038548755
466.12897959183675
466.55854875283444
466.9765079365079
467.45251700680274
467.8472562358277
468.3348752834467
468.72961451247164
469.17079365079366
469.61197278911567
470.08798185941043
470.5059410430839
471.0051700680272
471.481179138322
471.8875283446712
472.3867573696145
472.85115646258504
473.35038548752834
473.8380045351474
474.2443537414966
474.6739229024943
475.1383219954649
475.57950113378683
476.29931972789115
476.7869387755102
477.309387755102
477.8086167800453
478.2730158730159
478.74902494331064
479.24825396825395
479.72426303854877
480.2467120181406
480.7459410430839
481.29160997732424
481.7443990929705
482.13913832199546
482.63836734693876
483.09115646258505
483.5671655328798
484.0083446712018
484.53079365079367
485.04163265306124
485.59891156462584
486.1097505668934
486.72507936507935
487.2359183673469
487.67709750566894
488.2227664399093
488.6987755102041
489.2328344671202
489.72045351473923
490.2312925170068
490.8234013605442
491.3342403628118
491.84507936507936
492.2746485260771
492.65777777777777
492.9131972789116
493.2266666666667
493.5981859410431
493.98131519274375
494.70113378684806
498.184126984127
498.5788662131519
499.05487528344673
499.51927437641723
500.0649433106576
500.61061224489794
501.01696145124714
501.36526077097506
501.71356009070297
502.14312925170066
502.49142857142857
502.8048979591837
503.2344671201814
503.524716553288
503.8962358276644
504.2909750566893
504.5231746031746
504.81342403628116
505.1617233560091
505.57968253968255
507.26312925170066
507.80879818594104
508.2615873015873
508.87691609977327
509.34131519274376
509.81732426303853
510.22367346938773
510.676462585034
511.1408616780045
511.60526077097506
512.1044897959183
512.5572789115646
513.1842176870748
514.7747845804988
515.2275736961451
515.6455328798186
516.0867120181406
516.5278911564626
516.9806802721089
517.4218594104308
517.9094784580499
518.4087074829932
518.884716553288
519.3375056689342
519.6625850340137
520.0108843537415
520.7887528344671
521.4156916099773
522.1819501133787
522.7392290249433
523.1571882086167
523.6564172335601
524.1672562358276
524.6548752834467
525.2237641723356
525.7346031746032
526.210612244898
526.7330612244898
527.2671201814059
527.6850793650793
528.1378684807256
528.6022675736962
529.391746031746
530.0535147392291
530.7268934240362
531.1796825396825
531.6440816326531
532.1200907029479
532.6889795918368
533.2926984126984
534.0009070294784
534.5581859410431
534.9877551020409
535.440544217687
535.8701133786848
536.3693424036281
536.8801814058957
537.4606802721088
540.6766439909297
541.2571428571429
541.7679818594104
542.2439909297052
542.6851700680272
543.114739229025
543.6604081632653
544.1480272108844
544.5659863945579
544.9955555555556
545.4715646258503
545.9591836734694
546.4816326530612
546.8995918367347
547.5497505668934
549.4653968253969
549.9181859410431
550.3477551020408
550.800544217687
551.2881632653061
551.7525623582767
552.2866213151927
552.739410430839
553.2502494331065
553.7378684807256
554.1906575963719
554.771156462585
555.2239455782313
555.7231746031746
556.2340136054422
556.7796825396825
557.8478004535148
558.347029478458
558.7649886621315
559.229387755102
559.7750566893424
560.2394557823129
560.773514739229
561.3307936507937
561.9229024943311
562.4685714285714
563.0026303854876
563.594739229025
564.1636281179138
564.6744671201814
565.185306122449
565.7309750566893
566.2650340136055
566.7410430839002
567.2286621315193
567.7859410430839
568.2619501133787
568.807619047619
569.3068480725624
569.8176870748299
570.398185941043
570.967074829932
571.4895238095238
572.0584126984127
572.5924716553288
573.172970521542
573.707029478458
574.2991383219954
574.8912471655328
575.5297959183673
576.1915646258503
576.702403628118
577.2712925170068
578.9082993197279
579.4539682539682
579.9880272108843
580.4988662131519
580.9632653061225
581.3696145124717
581.7875736961452
582.1707029478458
582.5073922902494
582.8673015873015
583.238820861678
583.5871201814059
584.0399092970522
584.3649886621315
584.6784580498867
585.0499773242631
585.3634467120181
585.758185941043
586.0948752834468
586.5360544217687
587.209433106576
587.8944217687075
588.8116099773242
589.3804988662132
589.8216780045351
590.4137868480726
590.9942857142858
591.5515646258503
591.7837641723356
592.3062131519274
593.9083900226757
594.407619047619
594.9416780045351
595.3828571428571
595.8704761904762
596.4161451247165
596.8921541950114
597.4146031746031
597.8673922902494
598.3782312925171
598.8542403628118
599.3418594104309
599.8178684807257
600.3170975056689
601.0020861678005
601.512925170068
602.0237641723356
602.5229931972789
603.057052154195
603.5562811791383
604.0322902494331
604.6360090702948
605.2281179138322
605.8550566893424
606.3310657596372
607.0276643990929
607.5385034013606
609.7792290249433
610.3713378684807
610.8821768707483
