13.119274376417234
13.25859410430839
13.548843537414966
13.850702947845805
14.094512471655328
14.605351473922903
15.023310657596372
15.336780045351475
15.62702947845805
16.16108843537415
16.637097505668933
18.854603174603174
19.121632653061223
19.4118820861678
19.655691609977325
20.050430839002267
60.070022675736965
60.78984126984127
61.28907029478458
61.92761904761905
62.368798185941046
63.018956916099775
63.42530612244898
63.85487528344671
64.2031746031746
66.59482993197278
66.93151927437641
67.3146485260771
67.7209977324263
68.0692970521542
68.41759637188208
68.78911564625851
69.52054421768707
69.88045351473923
70.70476190476191
71.51746031746032
71.85414965986395
72.26049886621315
73.09641723356009
73.5027664399093
74.51283446712019
74.87274376417234
75.55773242630386
82.10575963718821
82.37278911564626
82.82557823129251
83.04616780045352
89.0485260770975
89.43165532879819
90.33723356009071
97.66312925170068
98.08108843537416
98.55709750566893
98.96344671201814
100.63528344671202
101.18095238095238
101.6105215419501
102.1213605442177
102.38839002267574
108.70421768707483
109.2150566893424
116.08816326530612
116.80798185941043
117.1330612244898
131.77324263038548
133.73532879818595
133.97913832199546
134.2577777777778
134.65251700680273
140.57360544217687
141.0380045351474
143.6734693877551
144.10303854875283
144.49777777777777
145.69360544217687
146.1580045351474
146.57596371882087
147.08680272108845
148.1084807256236
148.71219954648527
150.40725623582767
150.86004535147393
151.5566439909297
158.2207709750567
158.5574603174603
158.92897959183674
160.21768707482994
160.6704761904762
161.11165532879818
161.51800453514738
162.28426303854874
162.66739229024944
166.7308843537415
167.1024036281179
167.4855328798186
167.8918820861678
168.30984126984126
168.69297052154195
169.04126984126984
169.43600907029477
169.77269841269842
170.20226757369613
170.5970068027211
172.8261224489796
178.097052154195
178.65433106575964
179.1071201814059
179.50185941043082
180.86022675736962
181.3362358276644
182.13732426303855
182.5668934240363
183.05451247165533
189.9392290249433
193.12036281179138
193.8401814058957
194.339410430839
194.61804988662132
194.93151927437643
195.24498866213153
195.83709750566894
199.8657596371882
200.37659863945578
200.75972789115647
201.0964172335601
201.61886621315193
202.06004535147392
202.52444444444444
203.11655328798187
203.49968253968254
203.8595918367347
204.37043083900227
204.77678004535147
205.39210884353741
206.4602267573696
206.9014058956916
207.2845351473923
207.76054421768708
208.1901133786848
208.5732426303855
208.9795918367347
209.37433106575963
209.74585034013606
210.2334693877551
210.66303854875284
211.10421768707482
212.06784580498865
212.4625850340136
212.86893424036282
213.29850340136053
213.72807256235828
214.16925170068026
214.62204081632652
215.02839002267575
215.51600907029479
216.00362811791382
216.43319727891156
216.9556462585034
217.73351473922904
218.19791383219956
218.615873015873
219.05705215419502
219.55628117913832
219.96263038548753
220.39219954648527
220.7869387755102
221.20489795918368
221.6112471655329
222.09886621315192
222.54004535147394
223.0508843537415
223.5501133786848
223.9680725623583
224.42086167800454
224.92009070294785
225.32643990929705
225.7792290249433
226.1855782312925
226.60353741496598
227.04471655328797
227.49750566893425
227.88063492063492
228.28698412698412
229.91238095238094
230.59736961451247
230.94566893424036
231.32879818594105
231.70031746031745
232.17632653061224
232.7568253968254
233.72045351473923
234.61442176870747
235.14848072562359
236.2049886621315
237.88843537414965
238.55020408163264
239.16553287981858
239.6067120181406
240.08272108843536
240.72126984126984
241.1043990929705
241.62684807256235
242.34666666666666
242.82267573696146
243.4612244897959
243.89079365079365
244.39002267573696
244.83120181405894
245.27238095238096
248.59283446712018
248.98757369614512
249.41714285714286
249.83510204081634
250.22984126984127
250.659410430839
251.25151927437642
251.75074829931972
253.15555555555557
253.58512471655328
254.01469387755103
255.95356009070295
256.4643990929705
256.8707482993197
260.53950113378687
264.4404535147392
264.916462585034
265.58984126984126
266.1122902494331
266.66956916099775
267.3081179138322
267.9582766439909
268.4226757369614
268.8406349206349
269.21215419501135
269.9551927437642
271.22068027210884
277.5713378684807
277.82675736961454
278.1750566893424
279.9049433106576
280.5318820861678
280.7524716553288
280.99628117913835
281.5419501133787
291.6426303854875
292.1882993197279
299.95537414965986
301.197641723356
302.68371882086166
303.3919274376417
303.7982766439909
304.16979591836736
304.57614512471656
305.0985941043084
305.5049433106576
305.93451247165535
306.3756916099773
306.84009070294786
308.81378684807254
310.57850340136054
311.0312925170068
311.437641723356
311.8556009070295
312.2619501133787
312.71473922902493
313.1443083900227
313.50421768707486
315.9074829931973
319.3788662131519
319.7619954648526
320.17995464852606
320.69079365079364
321.1435827664399
321.5847619047619
322.04916099773243
322.4671201814059
322.89668934240365
323.36108843537414
323.80226757369616
324.20861678004536
324.6962358276644
325.1025850340136
325.6134240362812
326.47256235827666
326.9601814058957
327.3665306122449
327.8077097505669
328.26049886621314
328.6552380952381
329.1196371882086
329.5608163265306
329.9439455782313
330.38512471655326
330.96562358276645
331.4184126984127
331.917641723356
332.33560090702946
332.7651700680272
333.1715192743764
333.6243083900227
334.05387755102043
334.4950566893424
334.9826757369614
335.36580498866215
335.73732426303854
336.155283446712
336.5384126984127
337.00281179138324
337.72263038548755
339.289977324263
339.7543764172336
340.21877551020407
341.9138321995465
342.36662131519273
342.86585034013603
343.3302494331066
343.8294784580499
344.2706575963719
344.80471655328796
345.24589569161
345.66385487528345
346.12825396825394
346.4997732426304
346.8712925170068
347.30086167800454
347.74204081632655
348.1948299319728
348.56634920634923
349.34421768707483
351.3875736961451
351.78231292517006
352.2699319727891
353.1522902494331
353.63990929705216
354.1159183673469
354.51065759637186
355.04471655328797
355.7645351473923
356.2057142857143
356.7629931972789
357.21578231292517
358.3419501133787
358.98049886621317
359.53777777777776
359.9092970521542
360.4665759637188
361.2328344671202
361.8249433106576
362.3590022675737
362.89306122448977
363.8218594104308
364.39074829931974
364.84353741496597
365.3659863945578
365.8187755102041
366.2599546485261
366.8172335600907
367.20036281179136
367.7344217687075
368.83736961451245
369.9519274376417
370.38149659863944
370.91555555555556
372.00689342403626
372.657052154195
373.08662131519276
373.5161904761905
374.0270294784581
374.8861678004535
377.8118820861678
378.35755102040815
378.79873015873017
379.2282993197279
379.6926984126984
380.0526077097506
380.49378684807255
380.99301587301585
381.43419501133786
381.94503401360544
382.4674829931973
382.8738321995465
383.338231292517
383.82585034013607
384.30185941043084
384.7314285714286
385.30031746031744
385.9504761904762
386.46131519274377
387.00698412698415
387.50621315192745
388.0751020408163
388.53950113378687
388.9922902494331
389.8049886621315
390.884716553288
391.6161451247166
391.9760544217687
392.4172335600907
392.916462585034
393.4737414965986
393.91492063492063
394.41414965986394
395.0178684807256
395.5519274376417
396.0627664399093
396.5271655328798
397.0612244897959
397.5604535147392
398.0945124716553
398.5937414965986
403.5047619047619
403.8995011337868
404.3174603174603
404.7702494331066
405.2926984126984
405.87319727891156
406.5233560090703
409.95990929705215
410.4359183673469
410.99319727891157
411.8407256235828
412.3631746031746
412.8043537414966
413.3848526077098
413.8724716553288
414.3484807256236
414.8709297052154
415.39337868480726
415.9274376417234
416.65886621315195
417.18131519274374
417.6457142857143
418.38875283446714
418.911201814059
419.43365079365077
419.94448979591834
420.501768707483
420.98938775510203
421.5350566893424
422.15038548752835
424.1705215419501
424.7742403628118
425.2038095238095
425.7146485260771
426.1558276643991
426.73632653061225
427.212335600907
427.7928344671202
428.26884353741497
428.77968253968254
431.8098866213152
432.26267573696146
432.70385487528347
433.07537414965986
433.58621315192744
434.12027210884355
437.9515646258503
440.01814058956916
440.4477097505669
440.87727891156464
441.33006802721087
441.7712471655329
442.2704761904762
442.90902494331067
445.3819501133787
446.2062585034014
446.8448072562358
448.6211337868481
449.5499319727891
449.898231292517
450.6064399092971
451.30303854875285
452.22022675736963
452.4988662131519
453.03292517006804
453.18385487528343
453.34639455782315
453.648253968254
453.7991836734694
454.1010430839002
454.5422222222222
454.9485714285714
455.21560090702945
456.8990476190476
457.003537414966
457.1892970521542
457.3982766439909
457.6304761904762
457.7697959183673
458.327074829932
458.4547845804989
459.18621315192746
459.69705215419503
460.1730612244898
460.3936507936508
460.6839002267574
465.7922902494331
466.1173696145125
466.2915192743764
468.7760544217687
469.1243537414966
469.2868934240363
469.54231292517005
469.70485260770977
470.0995918367347
470.7961904761905
471.02839002267575
471.2373696145125
471.4579591836735
477.0771882086168
477.262947845805
477.52997732426303
477.65768707482994
478.92317460317463
479.60816326530613
479.8984126984127
480.351201814059
480.8504308390023
481.98820861678007
482.49904761904764
482.8473469387755
483.21886621315195
486.0168707482993
486.6902494331066
487.0965986394558
487.7467573696145
488.164716553288
488.5942857142857
489.3721541950113
489.9526530612245
490.59120181405893
491.2413605442177
491.6825396825397
492.181768707483
492.66938775510204
493.24988662131517
493.7142857142857
494.1322448979592
494.57342403628115
494.97977324263036
495.4441723356009
495.9201814058957
496.4890702947846
497.18566893424037
497.60362811791384
498.23056689342405
499.26385487528347
499.78630385487526
500.32036281179137
500.7499319727891
501.2491609977324
502.8048979591837
503.36217687074827
503.81496598639455
504.3025850340136
504.72054421768706
505.10367346938773
505.54485260770974
505.9628117913832
506.4156009070295
506.79873015873017
507.26312925170066
507.68108843537414
509.1439455782313
509.88698412698415
510.3746031746032
510.8390022675737
511.2337414965986
511.70975056689343
512.1393197278911
512.6849886621316
513.0448979591837
513.7066666666667
514.0781859410431
514.4961451247166
514.9373242630386
515.3668934240363
517.7004988662131
517.9675283446712
518.2461678004535
518.489977324263
518.931156462585
519.8947845804988
520.2663038548753
520.6378231292517
