5.456689342403628
5.897868480725624
6.199727891156463
6.466757369614513
8.347573696145124
8.6378231292517
9.206712018140589
9.496961451247165
9.996190476190476
10.460589569160998
10.85532879818594
11.447437641723356
11.818956916099774
12.120816326530612
12.666485260770974
13.664943310657597
13.862312925170068
14.152562358276644
14.477641723356008
14.70984126984127
15.000090702947846
15.197460317460317
15.47609977324263
15.766349206349206
16.12625850340136
16.39328798185941
16.671927437641724
17.136326530612244
17.87936507936508
18.15800453514739
18.552743764172334
18.877823129251702
19.60925170068027
20.24780045351474
21.072108843537414
21.455238095238094
21.757097505668934
27.341496598639456
27.724625850340136
30.209160997732425
30.615510204081634
31.30049886621315
33.7037641723356
34.07528344671202
34.51646258503401
37.36090702947846
37.72081632653061
39.8918820861678
40.263401360544215
41.44761904761905
41.900408163265304
44.67519274376417
45.00027210884354
45.2324716553288
45.55755102040816
45.99873015873016
46.4863492063492
46.88108843537415
47.47319727891156
48.22784580498866
49.504943310657595
54.61333333333334
55.05451247165533
55.460861678004534
56.06458049886621
56.38965986394558
56.81922902494331
57.08625850340136
57.84090702947846
58.22403628117914
58.6768253968254
59.23410430839002
61.49804988662132
61.84634920634921
62.26430839002268
64.40054421768707
64.7720634920635
65.15519274376418
66.50195011337868
66.89668934240363
68.94004535147393
69.28834467120181
70.32163265306123
70.73959183673469
74.01360544217687
74.64054421768708
75.04689342403628
77.87972789115646
78.2164172335601
78.66920634920635
79.07555555555555
81.80390022675736
82.15219954648526
82.57015873015872
82.99972789115647
83.66149659863946
86.38984126984127
86.79619047619047
87.17931972789115
87.89913832199547
88.29387755102042
90.07020408163265
90.45333333333333
91.34730158730159
92.14839002267574
92.55473922902495
92.87981859410431
93.21650793650794
93.52997732426304
93.84344671201814
94.22657596371882
94.58648526077097
94.89995464852608
95.20181405895691
95.5849433106576
95.88680272108843
96.71111111111111
97.21034013605443
97.57024943310658
97.99981859410431
101.03002267573696
102.38839002267574
102.66702947845805
102.92244897959183
103.42167800453515
103.70031746031746
104.19954648526077
104.64072562358277
104.89614512471655
105.1631746031746
105.4766439909297
105.72045351473923
106.15002267573696
106.33578231292518
106.57959183673469
106.88145124716553
107.48517006802722
108.00761904761904
108.71582766439909
117.07501133786847
117.62068027210884
117.9457596371882
118.27083900226758
118.73523809523809
119.73369614512471
120.11682539682539
120.40707482993197
120.76698412698413
121.11528344671201
121.45197278911564
121.93959183673469
122.40399092970522
122.89160997732426
123.36761904761904
123.83201814058957
124.1338775510204
124.88852607709751
126.90866213151928
127.18730158730159
128.41795918367347
128.80108843537414
129.59056689342404
130.0085260770975
130.29877551020408
130.68190476190478
131.32045351473923
131.77324263038548
132.70204081632653
133.2128798185941
133.74693877551022
134.2113378684807
136.33596371882086
136.8932426303855
137.10222222222222
137.4505215419501
137.798820861678
138.28643990929706
140.42267573696145
140.80580498866212
140.95673469387756
141.2818140589569
141.54884353741497
142.45442176870748
143.97532879818593
144.17269841269842
144.462947845805
145.69360544217687
147.2261224489796
148.00399092970522
149.22303854875284
151.9978231292517
152.17197278911564
152.61315192743766
155.13251700680271
155.4227664399093
157.12943310657596
157.4312925170068
158.08145124716555
158.48780045351475
158.940589569161
159.63718820861678
160.08997732426303
162.41197278911565
162.84154195011337
163.28272108843538
163.68907029478459
164.7455782312925
165.163537414966
165.5698866213152
168.15891156462584
168.54204081632653
168.91356009070296
169.37795918367348
169.79591836734693
170.22548752834467
170.6898866213152
171.14267573696145
171.5722448979592
172.04825396825396
172.53587301587302
173.05832199546487
173.55755102040817
174.0451700680272
174.56761904761905
175.0900680272109
175.5892970521542
176.19301587301587
176.70385487528344
177.22630385487528
179.83854875283447
180.72090702947847
181.04598639455781
181.32462585034014
181.6845351473923
181.90512471655327
182.33469387755102
182.64816326530612
185.93378684807257
187.03673469387755
187.3037641723356
187.64045351473922
188.56925170068027
188.78984126984128
189.05687074829933
189.45160997732427
189.83473922902493
194.8734693877551
195.25659863945577
195.67455782312925
196.24344671201814
196.73106575963718
198.71637188208618
199.11111111111111
199.4361904761905
199.78448979591838
200.29532879818595
200.6204081632653
200.99192743764172
201.53759637188207
202.2225850340136
202.51283446712017
202.77986394557823
203.03528344671201
203.4184126984127
204.9857596371882
207.48190476190476
210.34956916099773
210.73269841269843
211.1158276643991
211.4525170068027
211.9285260770975
212.41614512471656
214.07637188208616
214.51755102040818
214.92390022675738
215.39990929705215
215.91074829931972
216.36353741496598
216.76988662131518
217.2110657596372
217.90766439909297
221.29777777777778
221.704126984127
222.13369614512473
222.57487528344672
222.9928344671202
224.7807709750567
225.17551020408163
225.70956916099775
226.3481179138322
226.824126984127
227.3233560090703
227.8574149659864
228.98358276643992
229.54086167800455
230.00526077097507
230.46965986394557
232.32725623582766
235.25297052154195
235.65931972789116
236.97124716553287
237.72589569160996
238.16707482993198
239.36290249433105
240.1291609977324
240.9186394557823
241.3365986394558
242.84589569160997
243.13614512471656
243.5308843537415
244.8195918367347
245.17950113378686
245.5742403628118
245.87609977324263
246.3869387755102
246.99065759637188
249.84671201814058
250.2878911564626
256.5921088435374
257.42802721088435
257.9040362811791
258.0897959183674
258.53097505668933
258.8096145124717
259.0418140589569
259.6339229024943
259.97061224489795
260.41179138321996
261.2244897959184
261.5263492063492
262.45514739229026
262.69895691609975
267.85378684807256
268.3181859410431
271.2322902494331
271.4644897959184
271.70829931972787
271.9172789115646
272.19591836734696
272.6370975056689
273.06666666666666
273.34530612244896
274.7733333333333
275.6905215419501
279.1502947845805
279.6843537414966
280.5667120181406
280.8569614512472
281.6
282.14566893424035
282.59845804988663
282.8306575963719
283.05124716553286
283.4808163265306
283.68979591836734
284.072925170068
284.3631746031746
284.75791383219956
285.4196825396825
286.0001814058957
286.4413605442177
287.7416780045352
288.40344671201814
288.705306122449
289.1116553287982
289.4483446712018
290.06367346938777
295.14884353741496
302.73015873015873
306.3756916099773
307.3277097505669
307.5947392290249
308.1404081632653
308.3726077097506
308.72090702947844
310.1837641723356
310.6365532879819
311.8091609977324
312.4012698412698
313.09786848072565
315.05995464852606
315.5243537414966
316.01197278911565
318.763537414966
319.52979591836737
319.7387755102041
320.6095238095238
320.85333333333335
321.3293424036281
321.6195918367347
322.339410430839
322.86185941043084
323.0940589569161
323.63972789115644
323.9067573696145
324.4640362811791
333.60108843537415
334.4370068027211
334.6808163265306
334.9826757369614
335.28453514739226
335.5631746031746
335.8534240362812
336.155283446712
336.5732426303855
336.92154195011335
337.4439909297052
338.5121088435374
339.069387755102
339.95174603174604
340.1839455782313
341.9718820861678
342.36662131519273
342.71492063492065
342.9122902494331
343.39990929705215
346.1863038548753
349.4951473922903
351.82875283446714
353.54702947845806
354.7660770975057
355.265306122449
355.5671655328798
356.5656235827664
357.00680272108843
357.49442176870747
358.19102040816324
361.99909297052153
362.3590022675737
362.9627210884354
364.47201814058957
365.74911564625853
366.29478458049886
366.6779138321995
367.4093424036281
367.78086167800456
368.37297052154196
369.127619047619
372.70349206349204
373.17950113378686
373.73678004535145
374.14312925170066
378.0324716553288
378.2878911564626
378.7755102040816
379.18185941043083
379.7855782312925
380.07582766439907
382.2701133786848
382.7345124716553
383.44272108843535
383.88390022675736
384.441179138322
385.323537414966
386.83283446712016
389.86303854875285
390.5712471655329
390.8150566893424
391.05886621315193
391.3375056689342
391.7090249433107
391.96444444444444
392.4172335600907
392.7074829931973
392.9745124716553
393.34603174603177
393.62467120181407
394.1471201814059
394.44897959183675
394.8437188208617
395.13396825396825
395.44743764172335
395.79573696145127
396.53877551020406
398.0596825396825
398.3615419501134
400.71836734693875
400.9970068027211
402.2160544217687
402.42503401360545
405.2578684807256
405.46684807256236
405.7338775510204
405.96607709750566
406.24471655328796
406.69750566893424
407.5334240362812
407.9862131519274
408.19519274376415
408.497052154195
408.96145124716554
409.22848072562357
409.61160997732424
410.482358276644
410.95836734693876
411.3531065759637
412.2122448979592
412.5489342403628
412.85079365079366
413.40807256235826
413.837641723356
414.20916099773245
414.6851700680272
415.0566893424036
416.0087074829932
416.3221768707483
416.6008163265306
417.1348752834467
421.4537868480726
421.87174603174606
422.11555555555555
424.72780045351476
425.04126984126987
425.4824489795918
425.7494784580499
426.14421768707484
426.6318367346939
426.8988662131519
427.3748752834467
427.653514739229
428.3036734693878
428.5707029478458
428.90739229024945
429.4878911564626
429.7897505668934
430.45151927437644
431.13650793650794
433.08698412698413
433.62104308390025
433.8880725623583
434.1899319727891
434.71238095238095
434.979410430839
435.62956916099773
436.07074829931975
436.4190476190476
436.964716553288
437.53360544217685
437.8354648526077
441.4809977324263
441.7248072562358
442.1427664399093
442.34013605442175
444.6853514739229
444.9059410430839
447.21632653061226
447.82004535147394
448.05224489795916
448.56308390022673
448.81850340136054
449.6195918367347
451.3726984126984
452.0576870748299
453.20707482993197
453.39283446712017
454.4609523809524
454.78603174603177
456.9454875283447
458.3619047619048
458.5360544217687
459.0468934240363
459.8247619047619
461.020589569161
461.63591836734696
462.0887074829932
464.5268027210884
465.2930612244898
465.87356009070294
466.5121088435374
471.0980498866213
474.3720634920635
474.83646258503404
475.28925170068027
477.2165079365079
477.6809070294785
478.2962358276644
478.7606349206349
479.5501133786848
479.9912925170068
480.4905215419501
481.10585034013604
482.1971882086168
483.0679365079365
484.19410430839
484.68172335600906
485.1461224489796
485.72662131519274
486.2026303854875
486.620589569161
487.0153287981859
487.63065759637186
488.2459863945578
488.76843537414965
492.22820861678
492.8783673469388
493.29632653061225
493.8187755102041
494.3528344671202
494.8636734693878
495.37451247165535
496.02467120181404
496.5819501133787
497.0347392290249
497.56879818594103
497.9867573696145
498.4859863945578
498.9968253968254
499.4728344671202
500.1229931972789
500.64544217687074
501.23755102040815
505.777052154195
506.11374149659866
506.70585034013607
507.20507936507937
507.66947845804987
508.15709750566896
508.6331065759637
