67.0592290249433
68.99809523809523
75.81315192743764
75.91764172335601
90.5578231292517
90.84807256235828
91.37052154195011
91.37052154195011
114.84589569160998
115.07809523809524
115.20580498866214
115.8443537414966
115.8443537414966
116.66866213151927
116.66866213151927
117.37687074829932
117.99219954648527
136.09215419501135
136.3824036281179
136.61460317460316
136.84680272108844
137.10222222222222
137.57823129251702
137.86848072562358
138.19356009070296
138.19356009070296
138.70439909297053
138.94820861678005
139.52870748299318
140.3994557823129
140.79419501133788
141.1889342403628
141.45596371882087
141.7578231292517
142.1061224489796
142.39637188208616
142.93043083900227
155.31827664399094
155.78267573696147
155.78267573696147
156.06131519274376
156.37478458049887
156.95528344671203
156.95528344671203
157.30358276643992
157.59383219954648
157.9653514739229
158.20916099773243
158.48780045351475
158.73160997732427
159.24244897959184
159.46303854875285
160.1015873015873
160.40344671201814
160.42666666666668
160.6936961451247
161.27419501133787
161.30902494331065
161.62249433106575
162.19138321995464
162.22621315192742
176.7154648526077
176.9012244897959
177.41206349206348
177.41206349206348
177.71392290249432
177.9461224489796
178.45696145124717
178.45696145124717
178.96780045351474
178.96780045351474
179.52507936507936
179.53668934240363
180.11718820861677
180.11718820861677
180.6396371882086
180.94149659863945
180.96471655328799
181.24335600907028
181.66131519274376
182.775873015873
183.3795918367347
189.24263038548753
189.52126984126983
189.81151927437642
190.24108843537414
190.58938775510205
191.06539682539682
193.03909297052155
193.35256235827666
193.90984126984128
194.44390022675736
194.8734693877551
195.442358276644
197.81079365079364
198.19392290249434
198.7395918367347
201.2473469387755
201.76979591836735
203.77832199546486
204.1962811791383
204.66068027210883
205.241179138322
206.82013605442177
207.1916553287982
207.56317460317462
208.0740136054422
208.92154195011338
209.36272108843536
209.8271201814059
210.2334693877551
210.77913832199548
216.5492970521542
216.87437641723355
217.18784580498865
217.57097505668935
218.00054421768706
218.38367346938776
218.75519274376418
219.1615419501134
219.54467120181405
219.91619047619048
220.32253968253968
220.76371882086167
221.17006802721087
221.62285714285716
222.0175963718821
222.4239455782313
222.8302947845805
223.2714739229025
223.72426303854874
224.2118820861678
224.62984126984128
225.04780045351475
225.43092970521542
225.8488888888889
226.26684807256237
226.70802721088435
227.14920634920634
227.60199546485262
228.05478458049888
228.47274376417235
228.8907029478458
229.34349206349205
229.88916099773243
230.41160997732428
232.38530612244898
232.81487528344672
233.23283446712017
233.65079365079364
234.12680272108844
234.56798185941042
235.00916099773244
235.47356009070296
235.94956916099773
236.50684807256235
241.2437188208617
241.5571882086168
241.8938775510204
242.2421768707483
242.625306122449
243.04326530612244
243.4612244897959
243.94884353741497
244.47129251700682
245.10984126984127
248.9063038548753
249.27782312925171
249.6493424036281
250.05569160997732
250.5665306122449
251.0309297052154
251.4488888888889
251.86684807256236
252.27319727891157
252.7027664399093
253.15555555555557
253.63156462585033
254.1191836734694
254.56036281179138
255.04798185941044
255.47755102040816
255.9303401360544
256.3715192743764
256.88235827664397
257.4048072562358
257.9040362811791
258.3568253968254
258.83283446712016
259.308843537415
259.83129251700683
260.3885714285714
267.7492970521542
268.08598639455784
268.4342857142857
268.80580498866215
269.2005442176871
269.6417233560091
270.1061224489796
270.6401814058957
271.185850340136
273.7400453514739
274.07673469387754
274.448253968254
274.83138321995466
275.2609523809524
275.6905215419501
276.1781405895692
276.7586394557823
278.27954648526077
278.63945578231295
279.04580498866216
279.47537414965984
279.9281632653061
280.3809523809524
280.8453514739229
281.3561904761905
281.9366893424036
285.82603174603173
286.1975510204082
286.58068027210885
287.0102494331066
287.4630385487528
287.9158276643991
288.4614965986394
289.0187755102041
292.23473922902497
292.60625850340136
293.0009977324263
293.46539682539685
293.9065759637188
294.37097505668936
294.9050340136054
296.83229024943313
297.22702947845806
297.64498866213154
298.1326077097506
298.60861678004534
299.0381859410431
299.51419501133785
300.01342403628115
300.55909297052153
301.1163718820862
301.6968707482993
305.4236734693878
305.77197278911564
306.12027210884355
306.49179138321995
306.93297052154196
307.39736961451246
307.81532879818593
308.2681179138322
308.72090702947844
309.185306122449
309.6497052154195
310.1373242630385
310.6829931972789
313.34167800453514
313.71319727891154
314.131156462585
314.56072562358275
315.0367346938776
315.57079365079363
316.0584126984127
316.51120181405895
317.0684807256236
317.6721995464853
322.04916099773243
322.3742403628118
322.72253968253966
323.12888888888887
323.5584580498866
324.04607709750564
324.52208616780047
324.9748752834467
325.47410430839
325.93850340136055
326.4609523809524
328.70167800453515
329.1776870748299
329.64208616780047
330.11809523809524
330.5708843537415
331.02367346938775
331.5809523809524
344.8627664399093
344.88598639455785
345.1878458049887
345.4897052154195
346.07020408163265
346.0818140589569
346.44172335600905
346.75519274376416
347.11510204081634
347.4517913832199
347.7884807256236
348.1367800453515
348.42702947845805
349.0075283446712
356.82104308390024
357.517641723356
363.5548299319728
364.2746485260771
366.3644444444444
366.3644444444444
366.6663038548753
366.92172335600907
367.2584126984127
367.537052154195
368.0478911564626
368.3497505668934
368.3497505668934
368.7328798185941
380.7956462585034
381.3761451247166
381.3761451247166
381.71283446712016
382.0959637188209
382.3397732426304
382.63002267573694
383.21052154195013
383.21052154195013
383.51238095238097
383.83746031746034
384.1393197278912
384.4179591836735
384.9171882086168
385.33514739229025
385.6253968253968
385.97369614512473
386.4497052154195
386.97215419501134
387.8080725623583
403.597641723356
420.8500680272109
421.1287074829932
421.67437641723353
421.92979591836735
422.24326530612245
422.5683446712018
422.8121541950113
423.3229931972789
424.10086167800455
424.7974603174603
426.29514739229023
427.01496598639454
433.9809523809524
439.97170068027214
447.52979591836737
448.00580498866213
448.3308843537415
448.6559637188209
448.94621315192745
449.3873922902494
449.75891156462586
450.3858503401361
452.4640362811791
452.70784580498866
455.47102040816327
456.121179138322
456.6900680272109
457.3170068027211
457.5027664399093
458.07165532879816
459.1049433106576
459.7202721088435
466.9184580498866
467.16226757369617
467.8704761904762
467.8704761904762
468.35809523809525
468.5554648526077
468.98503401360546
469.4610430839002
469.9718820861678
470.35501133786846
470.6452607709751
471.2954195011338
471.6321088435374
472.0965079365079
472.584126984127
473.16462585034014
473.16462585034014
473.8612244897959
473.907664399093
474.2791836734694
475.1847619047619
475.83492063492065
477.042358276644
477.64607709750567
478.1685260770975
478.52843537414964
478.93478458049884
479.42240362811793
479.78231292517006
480.2118820861678
480.64145124716555
481.2451700680272
481.2451700680272
481.82566893424035
489.53469387755104
490.66086167800455
490.68408163265303
491.4155102040816
491.4155102040816
491.78702947845807
492.29786848072564
492.8667573696145
493.24988662131517
494.84045351473924
495.49061224489793
497.33659863945576
497.7661678004535
498.13768707482996
498.4859863945578
499.066485260771
499.9836734693878
500.6338321995465
501.2027210884354
506.3227210884354
507.7043083900227
508.0642176870748
508.47056689342406
509.06267573696147
515.4133333333333
515.4133333333333
515.7268027210885
516.3305215419501
516.8181405895691
519.151746031746
519.6509750566894
520.1618140589569
520.4868934240362
520.7655328798186
521.1718820861678
521.6595011337869
522.0078004535147
524.5736054421769
542.1627210884353
542.1975510204081
542.4878004535148
542.7316099773243
543.3121088435374
543.6255782312925
