16.788027210884355
16.788027210884355
17.11310657596372
17.705215419501133
17.728435374149658
18.030294784580498
18.52952380952381
19.086802721088436
19.086802721088436
19.469931972789116
20.003990929705214
20.003990929705214
20.514829931972788
20.514829931972788
20.735419501133787
21.304308390022676
21.43201814058957
21.97768707482993
22.430476190476192
22.871655328798187
23.521814058956917
23.986213151927437
24.392562358276646
24.926621315192744
25.0659410430839
25.356190476190477
25.808979591836735
26.16888888888889
26.482358276643993
26.807437641723357
27.39954648526077
27.817505668934242
29.03655328798186
29.18748299319728
29.779591836734692
29.8724716553288
30.174331065759638
30.464580498866212
30.801269841269843
31.37015873015873
31.37015873015873
31.764897959183674
32.14802721088435
32.60081632653061
33.19292517006803
33.50639455782313
33.50639455782313
33.935963718820865
34.51646258503401
34.57451247165533
35.178231292517005
35.65424036281179
36.165079365079364
36.55981859410431
37.08226757369614
37.6627664399093
38.54512471655329
39.31138321995465
39.91510204081633
40.25179138321995
40.646530612244895
41.00643990929705
41.55210884353742
42.32997732426304
43.66512471655329
44.199183673469385
44.66358276643991
45.244081632653064
45.75492063492064
46.823038548752834
47.42675736961451
48.55292517006803
51.38575963718821
51.919818594104306
52.55836734693877
52.92988662131519
53.336235827664396
53.719365079365076
54.21859410430839
54.6249433106576
56.19229024943311
56.784399092970524
57.31845804988662
57.73641723356009
58.30530612244898
59.41986394557823
59.81460317460318
60.1512925170068
60.58086167800454
60.91755102040816
61.74185941043084
62.148208616780046
62.61260770975057
63.0421768707483
64.31927437641724
64.78367346938775
65.72408163265307
66.96634920634921
67.88353741496599
68.62657596371882
69.26512471655329
69.60181405895692
70.04299319727892
70.37968253968253
70.91374149659863
71.66839002267574
72.41142857142857
73.17768707482993
74.4431746031746
75.54612244897959
76.03374149659864
78.36734693877551
78.86657596371882
79.29614512471656
79.83020408163266
81.28145124716553
82.581768707483
83.66149659863946
84.4974149659864
85.24045351473923
86.04154195011338
87.33024943310657
87.91074829931972
88.81632653061224
89.09496598639456
91.11510204081632
91.56789115646258
92.05551020408163
93.21650793650794
93.71573696145124
94.30784580498866
94.30784580498866
94.85351473922903
95.35274376417233
96.03773242630386
97.02458049886621
99.86902494331066
100.32181405895692
101.27383219954649
101.79628117913832
103.20108843537415
103.65387755102041
103.99056689342403
104.42013605442177
105.62757369614512
105.83655328798186
106.20807256235828
106.86984126984127
107.16009070294784
107.63609977324263
108.28625850340136
109.26149659863945
110.34122448979592
110.8520634920635
111.2584126984127
111.67637188208617
112.04789115646258
112.62839002267573
112.79092970521542
113.25532879818594
114.5208163265306
115.13614512471655
116.09977324263039
117.06340136054422
118.4798185941043
118.75845804988663
119.31573696145125
119.62920634920636
120.03555555555556
121.62612244897959
122.19501133786848
123.64625850340136
124.36607709750567
125.3297052154195
125.78249433106576
126.31655328798186
126.73451247165534
127.3730612244898
128.20897959183674
128.83591836734695
129.3815873015873
131.52943310657596
132.06349206349208
132.37696145124715
132.77170068027212
133.20126984126983
133.8049886621315
134.91954648526078
136.17342403628118
137.07900226757369
137.78721088435375
138.29804988662133
138.8669387755102
139.42421768707484
139.9698866213152
140.3762358276644
141.07283446712017
141.42113378684806
142.036462585034
143.46448979591835
144.2075283446712
144.63709750566895
145.10149659863944
145.61233560090702
146.50630385487528
146.95909297052154
147.34222222222223
147.69052154195012
148.27102040816325
148.31746031746033
148.66575963718822
149.04888888888888
149.4204081632653
149.97768707482993
150.77877551020407
151.17351473922903
151.47537414965987
152.04426303854876
152.48544217687075
152.88018140589568
153.54195011337868
153.54195011337868
154.1340589569161
154.73777777777778
155.30666666666667
155.81750566893425
156.31673469387755
156.68825396825397
157.175873015873
157.6751020408163
158.77804988662132
159.2888888888889
159.46303854875285
159.98548752834466
159.98548752834466
161.3554648526077
162.16816326530613
162.16816326530613
162.737052154195
162.78349206349208
163.4568707482993
163.4568707482993
164.0954195011338
164.0954195011338
165.98784580498867
166.23165532879818
166.96308390022676
167.857052154195
168.3330612244898
169.621768707483
170.08616780045352
170.5621768707483
171.03818594104308
171.3748752834467
171.92054421768708
172.61714285714285
173.4762811791383
175.2758276643991
175.56607709750566
175.56607709750566
175.87954648526076
176.3091156462585
176.7154648526077
177.74875283446713
178.50340136054422
179.36253968253968
179.7572789115646
180.1752380952381
180.523537414966
181.0227664399093
182.33469387755102
182.79909297052154
183.4956916099773
184.2851700680272
184.65668934240364
185.1094784580499
185.49260770975056
185.96861678004535
186.5839455782313
189.04526077097506
189.52126984126983
189.86956916099774
190.2526984126984
190.62421768707483
191.0073469387755
191.83165532879818
192.31927437641724
192.88816326530613
193.63120181405895
194.21170068027212
194.91990929705216
196.17378684807255
196.68462585034013
197.1025850340136
197.49732426303854
198.6467120181406
199.00662131519275
199.40136054421768
199.7148299319728
200.03990929705216
200.341768707483
200.67845804988661
201.0615873015873
201.53759637188207
201.9787755102041
202.54766439909298
202.96562358276643
203.4184126984127
203.81315192743764
204.1730612244898
204.6490702947846
205.47337868480724
206.15836734693877
206.6227664399093
207.1916553287982
207.36580498866212
207.73732426303854
208.34104308390022
208.43392290249434
209.0028117913832
209.0028117913832
209.59492063492064
211.41768707482993
211.84725623582767
212.17233560090702
212.72961451247164
214.52916099773242
214.52916099773242
214.90068027210884
215.481179138322
215.52761904761905
216.00362811791382
216.49124716553288
217.06013605442178
217.55936507936508
218.17469387755102
218.45333333333335
219.2195918367347
219.76526077097506
220.03229024943312
221.46031746031747
221.98276643990928
222.30784580498866
222.54004535147394
222.96961451247165
223.28308390022676
223.31791383219954
224.23510204081632
224.23510204081632
224.7111111111111
225.47736961451247
226.38294784580498
228.67011337868482
228.80943310657597
229.1112925170068
229.71501133786848
230.0865306122449
230.64380952380952
231.32879818594105
232.21115646258502
236.21659863945578
236.21659863945578
236.79709750566894
236.79709750566894
237.19183673469388
237.73750566893423
238.45732426303854
238.77079365079365
239.10748299319727
239.43256235827664
239.9201814058957
240.4542403628118
240.84897959183672
241.31337868480725
241.6500680272109
242.19573696145125
242.67174603174604
243.50766439909296
244.66866213151928
245.2607709750567
245.2607709750567
245.58585034013606
245.9109297052154
246.41015873015874
246.94421768707483
247.4318367346939
247.79174603174604
248.12843537414966
248.48834467120182
248.85986394557824
249.2429931972789
249.66095238095238
250.17179138321995
250.84517006802722
251.4488888888889
251.87845804988663
252.24997732426303
252.58666666666667
252.94657596371883
253.31809523809522
253.63156462585033
254.0495238095238
254.42104308390023
255.0015419501134
255.69814058956916
256.15092970521545
256.52244897959184
256.96362811791386
257.544126984127
257.6718367346939
258.36843537414967
259.14630385487527
260.0402721088435
260.3653514739229
260.64399092970524
261.14321995464854
261.7237188208617
261.8514285714286
262.3738775510204
262.82666666666665
263.2214058956916
263.76707482993197
264.6726530612245
265.18349206349205
265.68272108843536
266.1471201814059
267.00625850340134
267.54031746031745
267.90022675736964
268.44589569160996
268.95673469387754
268.95673469387754
269.2818140589569
269.67655328798185
270.0480725623583
270.4195918367347
270.872380952381
271.4296598639456
271.4296598639456
271.9637188208617
272.3352380952381
272.8112471655329
273.6007256235828
275.2841723356009
275.6789115646259
275.96916099773244
276.52643990929704
276.5728798185941
277.24625850340135
277.2578684807256
277.83836734693875
278.024126984127
278.3375963718821
278.8600453514739
279.9397732426304
280.6247619047619
280.7989115646258
281.51873015873014
281.68126984126985
282.0760090702948
282.4243083900227
282.73777777777775
283.0744671201814
283.5156462585034
283.9219954648526
284.293514739229
284.8275736961451
285.40807256235826
288.1596371882086
288.48471655328797
288.8330158730159
289.30902494331065
289.90113378684805
290.38875283446714
291.10857142857145
293.5002267573696
294.5683446712018
294.8934240362812
295.2185034013605
295.7990022675737
295.83383219954646
296.19374149659865
296.7626303854875
297.0296598639456
297.09931972789116
297.7726984126984
297.7726984126984
298.1558276643991
298.64344671201815
299.2936054421769
299.6999546485261
300.0714739229025
300.67519274376417
301.3485714285714
305.07537414965986
305.45850340136053
306.0041723356009
307.49024943310656
308.38421768707485
311.64662131519276
312.1226303854875
312.65668934240364
313.30684807256233
313.8060770975057
314.2356462585034
315.00190476190477
315.51274376417234
315.9074829931973
316.4879818594104
317.3935600907029
317.881179138322
318.1946485260771
318.6009977324263
319.1698866213152
319.5762358276644
319.99419501133787
320.4585941043084
320.87655328798184
322.1536507936508
324.17378684807255
324.7310657596372
325.25351473922905
325.62503401360544
326.2635827664399
327.4129705215419
327.94702947845803
328.35337868480724
328.6552380952381
329.1312471655329
331.0004535147392
331.0004535147392
331.5693424036281
331.5693424036281
331.8595918367347
332.41687074829935
332.4400907029478
332.88126984126984
333.4849886621315
333.5778684807256
334.0190476190476
334.6692063492064
335.0755555555556
335.55156462585035
336.0391836734694
336.5732426303855
337.1073015873016
337.9896598639456
338.37278911564624
338.8836281179138
339.62666666666667
340.10267573696143
340.4393650793651
340.76444444444445
341.275283446712
341.70485260770977
342.111201814059
342.77297052154194
342.8774603174603
344.142947845805
344.7002267573696
344.72344671201813
345.11818594104307
345.466485260771
345.9657142857143
346.395283446712
349.042358276644
349.37904761904764
349.9479365079365
350.01759637188206
350.59809523809525
350.7606349206349
351.4456235827664
351.50367346938776
351.78231292517006
352.177052154195
352.54857142857145
352.57179138321993
353.1174603174603
353.67473922902496
354.8821768707483
355.4394557823129
355.5671655328798
356.1012244897959
357.59891156462584
357.958820861678
358.3071201814059
358.91083900226755
359.00371882086165
359.5609977324263
360.03700680272107
360.4781859410431
361.03546485260773
361.53469387755104
362.2429024943311
362.2429024943311
362.66086167800455
363.2413605442177
363.299410430839
363.70575963718824
364.34430839002266
364.9015873015873
365.5981859410431
366.0045351473923
366.64308390022677
367.01460317460317
367.39773242630383
367.9201814058957
368.5703401360544
368.59356009070297
369.10439909297054
369.4875283446712
369.88226757369614
370.4395464852608
370.9039455782313
371.44961451247167
371.9024036281179
372.41324263038547
372.41324263038547
373.05179138321995
374.56108843537413
375.31573696145125
377.12689342403627
377.6145124716553
377.9628117913832
378.42721088435377
379.03092970521544
379.71591836734694
380.6331065759637
381.132335600907
381.71283446712016
382.9086621315193
383.32662131519277
383.9071201814059
385.7298866213152
386.11301587301585
386.42648526077096
386.73995464852607
387.0766439909297
387.47138321995465
387.9822222222222
389.2128798185941
389.68888888888887
391.2214058956916
392.0805442176871
392.6610430839002
393.41569160997733
393.578231292517
393.8452607709751
394.2980498866213
395.48226757369616
395.9582766439909
396.26013605442176
396.7941950113379
396.7941950113379
397.5720634920635
398.03646258503403
398.4544217687075
398.89560090702946
399.3716099773243
403.48154195011335
404.1317006802721
404.3639002267574
405.19981859410433
406.0821768707483
406.5465759637188
407.0922448979592
407.39410430839
407.60308390022675
408.0210430839002
408.92662131519273
409.5419501133787
409.99473922902496
415.3237188208617
417.9127437641723
418.48163265306124
418.94603174603174
419.29433106575965
419.9677097505669
420.4088888888889
421.11709750566894
421.52344671201814
422.092335600907
422.5451247165533
423.0443537414966
424.6233106575964
425.19219954648526
425.92362811791384
425.92362811791384
426.50412698412697
427.10784580498864
428.1063038548753
428.1063038548753
428.54748299319726
429.1047619047619
429.638820861678
430.1960997732426
430.5095691609977
430.90430839002266
431.7982766439909
433.80680272108845
433.9112925170068
434.2944217687075
434.9097505668934
435.1883900226757
435.1883900226757
435.4554195011338
436.03591836734694
436.0939682539682
436.4887074829932
437.185306122449
437.2665759637188
437.88190476190476
438.52045351473924
439.42603174603175
441.19074829931975
441.5738775510204
442.1427664399093
442.1427664399093
442.9554648526077
443.00190476190477
446.9144671201814
447.27437641723355
447.7619954648526
448.1451247165533
448.8649433106576
449.3873922902494
450.1072108843537
451.6977777777778
451.6977777777778
452.11573696145126
452.53369614512474
452.9632653061224
453.4624943310658
455.68
456.0979591836735
457.1544671201814
457.70013605442176
458.9540136054422
459.3255328798186
460.8116099773243
461.461768707483
462.42539682539683
463.0755555555556
463.493514739229
463.888253968254
464.4687528344671
464.6080725623583
465.96643990929704
467.04616780045353
467.1042176870748
469.32172335600904
472.0965079365079
472.6421768707483
474.174693877551
475.5330612244898
476.33414965986395
476.9146485260771
476.9494784580499
477.309387755102
478.28462585034015
479.7590929705215
479.7590929705215
480.3047619047619
480.73433106575965
481.68634920634923
482.7196371882086
482.7196371882086
483.0795464852608
483.64843537414964
484.2057142857143
484.8907029478458
485.4363718820862
485.9936507936508
487.0965986394558
488.0137868480726
489.94104308390024
492.43718820861676
492.76226757369614
492.88997732426304
493.3659863945578
493.6562358276644
493.7142857142857
494.4457142857143
494.4573242630386
494.7591836734694
495.316462585034
495.316462585034
496.1291609977324
496.1291609977324
497.47591836734694
497.47591836734694
498.2421768707483
498.5208163265306
500.18104308390025
501.27238095238096
501.72517006802724
502.3056689342404
502.7584580498866
503.78013605442175
504.17487528344674
504.5231746031746
506.1834013605442
506.76390022675736
507.04253968253965
507.5998185941043
508.203537414966
508.8885260770975
508.8885260770975
509.30648526077096
509.6780045351474
510.03791383219954
510.5603628117914
510.8622222222222
511.3962811791383
511.91873015873017
513.5092970521542
514.2871655328798
515.529433106576
515.529433106576
516.017052154195
516.3769614512472
