2.8676643990929707
6.977596371882086
8.161814058956915
8.463673469387755
8.719092970521542
9.125442176870749
9.496961451247165
9.775600907029478
10.216780045351474
10.704399092970522
11.27328798185941
11.877006802721088
12.817414965986394
13.246984126984128
13.699773242630386
14.048072562358277
14.384761904761906
14.70984126984127
15.000090702947846
15.487709750566893
15.975328798185942
20.48
26.540408163265305
27.12090702947846
27.538866213151927
28.130975056689344
28.43283446712018
28.83918367346939
29.31519274376417
29.791201814058958
33.68054421768707
34.11011337868481
36.17668934240363
37.268027210884355
37.63954648526077
38.01106575963719
38.61478458049886
38.89342403628118
38.89342403628118
39.230113378684806
39.62485260770975
40.147301587301584
41.250249433106575
42.05133786848072
47.63573696145125
48.37877551020408
48.692244897959185
49.005714285714284
49.574603174603176
49.621043083900226
50.1318820861678
50.654331065759635
56.540589569161
57.86412698412698
58.22403628117914
58.816145124716556
58.816145124716556
59.10639455782313
59.512743764172335
59.91909297052154
60.46476190476191
61.19619047619047
61.61414965986395
62.15981859410431
69.5785941043084
69.86884353741496
70.28680272108843
70.62349206349207
71.18077097505669
71.27365079365079
71.63356009070294
72.13278911564626
75.25587301587302
78.55310657596372
79.13360544217687
80.46875283446713
80.84027210884354
81.18857142857142
81.57170068027212
82.0477097505669
82.88362811791383
83.70793650793651
88.06167800453515
88.51446712018141
91.10349206349207
91.47501133786848
91.85814058956916
92.24126984126984
92.9726984126984
104.01378684807256
104.60589569160997
109.04090702947846
109.83038548752835
114.26539682539682
117.82965986394558
118.5146485260771
120.4302947845805
120.68571428571428
120.68571428571428
121.02240362811791
121.32426303854875
121.9047619047619
121.95120181405896
126.01469387755103
132.678820861678
133.17804988662132
286.20916099773245
286.7896598639456
286.7896598639456
287.20761904761906
287.67201814058956
288.0667573696145
289.03038548752835
313.9918367346939
317.74185941043083
324.03446712018143
324.99809523809523
325.5553741496599
332.8580498866213
335.38902494331063
335.9811337868481
336.51519274376415
339.71954648526076
355.973514739229
356.46113378684805
365.7839455782313
366.2251247165533
366.7824036281179
379.18185941043083
379.7391383219955
380.0990476190476
380.90013605442175
381.4922448979592
381.52707482993196
382.1540136054422
383.1408616780045
383.52399092970523
383.93034013605444
384.8243083900227
385.2190476190476
386.84444444444443
387.2740136054422
388.9806802721088
392.68426303854875
396.80580498866215
408.96145124716554
409.99473922902496
419.3639909297052
420.0838095238095
420.7804081632653
421.4073469387755
433.876462585034
438.3695238095238
453.27673469387753
453.27673469387753
453.648253968254
454.2635827664399
456.4578684807256
456.4578684807256
456.84099773242633
458.1761451247165
458.65215419501135
461.13668934240366
477.73895691609977
478.33106575963717
484.5772335600907
485.50603174603174
486.2142403628118
495.83891156462585
496.419410430839
497.56879818594103
497.88226757369614
498.3698866213152
499.5308843537415
501.42331065759635
502.86294784580497
504.8714739229025
505.1965532879819
509.2948752834467
509.61995464852606
510.0843537414966
510.5023129251701
510.7461224489796
511.0479818594104
511.0479818594104
511.34984126984125
511.75619047619045
512.0696598639456
512.4063492063492
512.7546485260771
513.3351473922902
513.3351473922902
513.8575963718821
514.6819047619048
516.585941043084
519.7322448979592
528.6022675736962
529.1014965986394
529.4614058956917
529.8909750566894
530.4134240362812
530.8662131519275
532.5496598639455
532.7586394557823
534.5465759637189
535.0458049886621
539.8407256235828
540.5373242630385
542.7780498866213
544.4614965986394
547.1085714285714
548.9661678004535
555.4909750566893
555.9785941043084
557.9987301587302
558.4050793650794
560.0885260770975
560.4832653061225
564.8718367346938
567.9600907029478
568.1226303854876
568.8540589569161
569.4345578231292
569.4577777777778
570.0963265306123
577.4918820861678
578.165260770975
578.4439002267574
578.5716099773242
579.0360090702948
581.4276643990929
581.8804535147392
582.356462585034
582.7860317460318
583.1343310657596
583.4826303854875
583.947029478458
584.5855782312925
585.444716553288
585.8975056689343
591.272925170068
591.7837641723356
593.3743310657596
593.92
594.5004988662132
595.0926077097506
595.7659863945578
596.3348752834468
599.3302494331066
599.8178684807257
602.6390929705216
602.9873922902494
603.4634013605443
605.0887981859411
607.5617233560091
620.1004988662131
620.5532879818594
620.9015873015873
620.9248072562358
621.4008163265306
623.5254421768708
624.152380952381
624.2684807256236
624.7444897959184
625.0695691609977
625.0927891156463
625.394648526077
625.8126077097505
626.3466666666667
626.6253061224489
627.0548752834467
627.8907936507936
629.4581405895692
631.4434467120182
631.9542857142857
633.0340136054422
633.510022675737
634.88
635.3327891156463
635.7739682539683
637.8869841269841
639.5704308390023
639.9187301587301
640.1741496598639
640.4179591836735
640.835918367347
640.835918367347
641.3931972789115
641.3931972789115
641.7066666666667
642.0897959183674
642.7283446712019
644.3885714285715
644.8878004535147
645.2012698412699
645.3289795918367
