4.748480725623582
4.957460317460318
4.957460317460318
5.50312925170068
5.50312925170068
6.025578231292517
6.582857142857143
8.150204081632653
8.730702947845804
8.730702947845804
9.276371882086167
10.681179138321996
14.500861678004535
14.756281179138321
15.185850340136055
15.185850340136055
15.441269841269841
15.870839002267573
16.103038548752835
16.335238095238097
16.91573696145125
17.00861678004535
18.320544217687075
18.401814058956916
18.76172335600907
19.040362811791383
24.19519274376417
24.636371882086166
24.636371882086166
24.822131519274375
25.48390022675737
25.48390022675737
25.692879818594104
25.692879818594104
26.192108843537415
45.09315192743764
45.72009070294784
45.7665306122449
46.23092970521542
46.521179138322
47.06684807256236
53.19691609977324
53.719365079365076
54.56689342403628
54.973242630385485
68.37115646258503
69.26512471655329
77.12507936507936
77.12507936507936
77.39210884353741
77.85650793650794
78.2164172335601
78.72725623582767
79.0639455782313
82.10575963718821
82.38439909297053
82.94167800453515
83.19709750566894
84.17233560090703
84.21877551020408
86.598820861678
86.61043083900226
87.44634920634921
87.8875283446712
91.08027210884353
91.34730158730159
91.63755102040817
92.20643990929705
92.22965986394559
92.55473922902495
95.09732426303854
95.56172335600907
96.61823129251701
96.95492063492064
97.28
97.69795918367348
98.2552380952381
101.09968253968253
101.40154195011338
101.78467120181406
102.19102040816327
102.55092970521542
103.18947845804989
106.56798185941044
106.88145124716553
107.26458049886621
107.61287981859411
108.01922902494331
108.4604081632653
116.6918820861678
117.23755102040816
117.45814058956915
117.45814058956915
118.01541950113379
118.66557823129251
121.09206349206349
121.47519274376417
121.85832199546485
122.41560090702947
124.0758276643991
124.77242630385487
125.05106575963718
125.09750566893425
125.45741496598639
125.89859410430839
127.11764172335602
127.5936507936508
127.5936507936508
128.1857596371882
128.41795918367347
128.63854875283448
128.63854875283448
129.13777777777779
129.13777777777779
136.0457142857143
136.34757369614513
136.90485260770976
137.2067120181406
137.2299319727891
137.55501133786848
137.84526077097505
138.43736961451248
138.47219954648526
139.14557823129252
140.43428571428572
140.9102947845805
140.9102947845805
141.43274376417233
141.71138321995466
141.87392290249434
142.61696145124716
147.45832199546484
147.45832199546484
147.89950113378686
148.14331065759637
148.14331065759637
148.61931972789117
148.61931972789117
149.07210884353742
149.07210884353742
149.88480725623583
149.88480725623583
150.41886621315192
150.465306122449
150.97614512471657
151.18512471655328
159.9158276643991
160.79818594104307
163.07374149659864
163.31755102040816
165.96462585034013
166.24326530612245
166.24326530612245
166.81215419501135
167.39265306122448
167.39265306122448
167.63646258503402
167.8918820861678
168.46077097505668
168.46077097505668
168.75102040816327
169.04126984126984
169.65659863945578
170.67827664399093
171.07301587301586
171.43292517006802
171.99020408163264
172.03664399092972
172.33850340136055
172.83773242630386
173.3601814058957
173.98712018140588
174.63727891156464
174.63727891156464
175.13650793650794
180.19845804988663
180.19845804988663
180.44226757369614
180.97632653061225
180.97632653061225
181.2085260770975
181.60326530612244
182.1837641723356
182.28825396825397
183.04290249433106
183.07773242630387
183.41442176870748
183.73950113378686
184.2851700680272
184.78439909297052
185.19074829931972
185.84090702947844
188.38349206349207
188.52281179138322
189.26585034013604
189.81151927437642
191.08861678004536
191.82004535147394
192.17995464852606
192.81850340136054
192.81850340136054
193.42222222222222
193.4918820861678
193.9911111111111
195.60489795918366
196.02285714285713
196.32471655328797
196.73106575963718
197.55537414965985
197.55537414965985
197.8572335600907
198.36807256235826
199.11111111111111
208.15528344671202
208.15528344671202
208.5035827664399
209.06086167800453
209.10730158730158
209.6065306122449
209.6065306122449
209.85034013605443
210.15219954648526
210.7094784580499
210.8604081632653
213.39138321995466
213.41460317460317
213.90222222222224
214.42467120181405
214.8542403628118
215.28380952380954
215.8875283446712
217.82639455782314
217.84961451247165
221.03074829931973
221.43709750566893
221.84344671201814
222.14530612244897
223.44562358276644
223.91002267573697
224.5253514739229
224.5253514739229
225.28
225.4657596371882
225.4657596371882
225.98820861678004
233.59274376417233
236.01922902494331
236.06566893424036
237.5285260770975
238.07419501133788
238.0974149659864
238.73596371882087
239.02621315192744
239.46739229024942
239.96662131519275
241.90548752834468
242.28861678004534
242.85750566893424
244.86603174603175
244.86603174603175
245.1911111111111
245.5974603174603
248.31419501133786
248.31419501133786
249.01079365079366
249.04562358276644
249.34748299319727
250.02086167800454
250.14857142857142
250.48526077097506
250.75229024943312
251.30956916099774
251.95972789115646
251.95972789115646
252.51700680272108
255.62848072562358
255.6517006802721
256.220589569161
258.20589569160995
258.2175056689342
258.65868480725624
259.4829931972789
262.3390476190476
262.8498866213152
263.15174603174603
263.6045351473923
264.5449433106576
264.5449433106576
265.21832199546486
265.53179138321997
265.54340136054424
266.12390022675737
266.12390022675737
266.41414965986394
266.9714285714286
267.41260770975055
274.88943310657595
274.88943310657595
277.1765986394558
277.1765986394558
277.68743764172336
278.024126984127
278.56979591836733
278.88326530612244
278.9993650793651
279.6727437641723
280.14875283446713
280.77569160997734
280.77569160997734
281.2633106575964
282.2037188208617
282.8306575963719
284.5257142857143
285.08299319727894
285.08299319727894
285.64027210884353
286.48780045351475
289.0187755102041
289.78503401360547
292.73396825396827
293.10548752834467
294.52190476190475
294.74249433106576
296.298231292517
296.298231292517
296.78585034013605
297.37795918367345
297.86557823129255
298.4925170068027
298.59700680272107
302.2077097505669
302.59083900226756
302.9275283446712
303.5544671201814
305.0521541950113
305.55138321995463
305.55138321995463
306.02739229024945
306.02739229024945
306.5498412698413
307.15356009070297
307.16517006802724
307.7340589569161
308.0939682539682
308.69768707482996
312.05297052154197
312.05297052154197
312.42448979591836
312.74956916099774
313.28362811791385
316.9059410430839
316.9059410430839
317.68380952380954
317.68380952380954
318.13659863945577
318.6706575963719
318.9376870748299
319.52979591836737
319.7387755102041
321.63120181405895
321.7473015873016
323.1637188208617
324.39437641723356
330.768253968254
331.33714285714285
331.6622222222222
331.68544217687077
332.2659410430839
332.4981405895692
332.9509297052154
334.0770975056689
334.41378684807256
334.41378684807256
336.45714285714286
336.5268027210884
338.2566893424036
338.2566893424036
338.90684807256235
339.5686167800454
341.57714285714286
342.90068027210884
343.9571882086168
343.9571882086168
344.34031746031746
344.71183673469386
345.4316553287982
345.5013151927438
346.79002267573696
349.7273469387755
350.69097505668935
353.7560090702948
354.3016780045351
356.0431746031746
356.12444444444446
356.94875283446714
356.94875283446714
357.4828117913832
357.81950113378684
358.1561904761905
359.5609977324263
359.5609977324263
360.1995464852608
360.385306122449
360.94258503401363
360.94258503401363
361.2792743764172
363.47356009070296
364.0540589569161
364.07727891156463
364.76226757369614
365.07573696145124
365.2150566893424
372.9821315192744
373.01696145124714
373.49297052154196
373.49297052154196
373.78321995464853
374.27083900226756
374.27083900226756
374.81650793650795
374.81650793650795
375.3273469387755
375.3273469387755
375.9194557823129
375.96589569161
376.3838548752834
376.73215419501133
381.2252154195011
381.3761451247166
382.07274376417234
382.25850340136054
382.7112925170068
383.34984126984125
383.3730612244898
385.88081632653063
385.88081632653063
386.97215419501134
387.4829931972789
387.69197278911565
388.24925170068025
388.8065306122449
389.29414965986393
389.45668934240365
390.3854875283447
399.7663492063492
400.38167800453516
401.7748752834467
403.9111111111111
404.1781405895692
404.74702947845805
405.31591836734697
405.3275283446712
405.68743764172336
406.0357369614512
406.60462585034014
408.1255328798186
408.19519274376415
408.54349206349207
409.10077097505666
415.161179138322
415.4746485260771
415.85777777777776
416.29895691609977
416.6124263038549
416.9607256235828
417.3206349206349
417.66893424036283
418.0056235827664
418.38875283446714
418.76027210884354
419.13179138321993
419.70068027210885
420.07219954648525
420.5830385487528
421.0358276643991
423.857052154195
426.6666666666667
426.991746031746
427.3168253968254
427.67673469387756
428.05986394557823
429.7897505668934
430.1496598639456
430.5095691609977
430.8462585034014
431.1481179138322
431.50802721088434
431.8679365079365
432.28589569161
432.76190476190476
433.1566439909297
433.5978231292517
434.097052154195
434.6891609977324
435.2348299319728
435.5947392290249
436.0939682539682
436.5583673469388
441.21396825396823
441.28362811791385
441.6087074829932
442.084716553288
442.8045351473923
442.8045351473923
443.2689342403628
443.57079365079363
443.57079365079363
444.1629024943311
444.337052154195
444.7201814058957
447.7503854875283
447.9709750566893
448.2031746031746
448.49342403628117
448.6675736961451
449.9330612244898
450.81541950113376
451.2798185941043
451.662947845805
451.9415873015873
452.2898866213152
452.6033560090703
453.12580498866214
453.39283446712017
453.40444444444444
454.03138321995465
455.4013605442177
457.99038548752833
457.99038548752833
460.74195011337866
460.74195011337866
461.19473922902495
461.50820861678005
462.1119274376417
462.6808163265306
465.3278911564626
465.72263038548755
466.12897959183675
466.55854875283444
466.8371882086168
467.3015873015873
467.9749659863946
469.5307029478458
469.5307029478458
469.9718820861678
470.3434013605442
470.77297052154194
474.89451247165533
474.98739229024943
475.3705215419501
475.83492063492065
476.2877097505669
476.61278911564625
476.9494784580499
477.97115646258504
481.36126984126986
481.36126984126986
482.0694784580499
484.63528344671204
485.0532426303855
485.5292517006803
485.958820861678
486.4580498866213
487.2126984126984
490.5563718820862
491.4619501133787
491.87990929705217
492.4139682539683
492.75065759637187
493.26149659863944
495.757641723356
495.757641723356
496.18721088435376
496.69804988662133
497.2204988662132
497.60362811791384
498.1260770975057
498.7646258503401
499.112925170068
499.50766439909296
499.9836734693878
500.4016326530612
506.3227210884354
506.67102040816326
507.21668934240364
