5.5495691609977325
6.141678004535147
6.141678004535147
6.443537414965986
7.058866213151927
7.63936507936508
7.63936507936508
7.63936507936508
8.219863945578231
8.243083900226758
8.962902494331066
10.077460317460318
10.843718820861678
10.843718820861678
11.377777777777778
11.981496598639456
63.91292517006803
64.53986394557823
65.25968253968254
66.69931972789115
67.1869387755102
71.63356009070294
72.24888888888889
73.39827664399093
73.9091156462585
74.30385487528345
74.65215419501133
75.09333333333333
75.53451247165533
76.01052154195011
76.49814058956916
76.88126984126984
85.04308390022676
85.51909297052154
86.05315192743764
87.34185941043084
87.64371882086168
92.04390022675737
92.62439909297052
93.14684807256236
93.90149659863945
94.44716553287982
95.35274376417233
96.04934240362812
96.4324716553288
97.01297052154194
98.6615873015873
100.6120634920635
104.5710657596372
105.1631746031746
105.76689342403628
106.26612244897959
112.2336507936508
112.79092970521542
113.24371882086167
113.95192743764173
114.4627664399093
118.45659863945578
118.90938775510205
119.17641723356009
119.79174603174603
119.79174603174603
120.09360544217687
120.69732426303855
121.25460317460318
121.80027210884354
122.13696145124716
122.52009070294784
122.88
123.65786848072563
124.203537414966
124.95818594104308
127.34984126984126
127.95356009070295
128.01160997732427
128.61532879818594
128.92879818594105
128.92879818594105
129.2887074829932
129.6021768707483
129.89242630385488
130.36843537414967
130.73995464852607
131.32045351473923
131.3320634920635
131.59909297052155
131.88934240362812
132.24925170068028
132.74848072562358
136.67265306122448
137.137052154195
137.64789115646258
138.30965986394557
138.69278911564626
139.04108843537415
140.2485260770975
140.57360544217687
141.38630385487528
142.18739229024942
143.25551020408165
143.84761904761905
145.03183673469388
148.56126984126985
149.53650793650795
149.9196371882086
150.34920634920636
150.79038548752834
151.35927437641723
152.10231292517005
153.6580498866213
154.19210884353743
155.65496598639456
156.66503401360544
157.21070294784582
157.21070294784582
157.79120181405895
157.80281179138322
158.11628117913833
158.5574603174603
158.89414965986396
159.46303854875285
159.75328798185942
159.75328798185942
160.18285714285713
160.484716553288
161.06521541950113
161.68054421768707
163.29433106575965
163.619410430839
164.0257596371882
164.66430839002268
165.80208616780044
166.2200453514739
166.66122448979593
169.0877097505669
169.69142857142856
170.3764172335601
171.01496598639457
171.45614512471656
171.78122448979593
172.37333333333333
173.4530612244898
174.0451700680272
174.89269841269842
175.2409977324263
175.5892970521542
175.98403628117913
177.41206349206348
178.06222222222223
178.5150113378685
178.86331065759637
179.26965986394558
179.62956916099773
180.00108843537416
180.34938775510204
180.72090702947847
181.17369614512472
181.56843537414966
181.93995464852608
182.29986394557824
182.61333333333334
183.17061224489797
183.21705215419502
183.58857142857144
183.9484807256236
184.4128798185941
184.84244897959184
185.33006802721087
190.78675736961452
191.14666666666668
191.42530612244897
191.83165532879818
192.3889342403628
193.00426303854874
193.3990022675737
193.78213151927437
198.75120181405896
199.12272108843538
199.49424036281178
199.85414965986394
200.3649886621315
201.2473469387755
201.82784580498867
203.03528344671201
203.4184126984127
203.77832199546486
204.1730612244898
204.54458049886622
204.96253968253967
205.35727891156463
205.89133786848072
206.42539682539683
208.06240362811792
208.08562358276643
208.3526530612245
208.93315192743765
208.93315192743765
209.32789115646258
209.81551020408162
210.75591836734694
211.34802721088437
211.9285260770975
214.23891156462585
214.58721088435374
215.05160997732426
215.50439909297052
215.91074829931972
216.40997732426302
216.8279365079365
217.2342857142857
217.6406349206349
218.0934240362812
218.5578231292517
219.12671201814058
220.6592290249433
221.05396825396826
221.6344671201814
222.31945578231293
222.87673469387755
224.59501133786847
224.98975056689343
225.3728798185941
225.88371882086167
226.45260770975057
228.2637641723356
228.67011337868482
229.21578231292517
229.87755102040816
230.6786394557823
231.43328798185942
231.4681179138322
231.7815873015873
232.1298866213152
232.65233560090704
232.97741496598638
233.04707482993197
233.48825396825396
234.61442176870747
235.21814058956917
235.50839002267574
235.50839002267574
235.92634920634922
236.78548752834467
237.71428571428572
237.95809523809524
238.44571428571427
238.70113378684806
238.70113378684806
239.2584126984127
239.2584126984127
239.58349206349206
239.96662131519275
240.61678004535148
241.87065759637187
242.45115646258503
246.24761904761905
246.8861678004535
247.37378684807257
247.73369614512472
248.30258503401362
249.13850340136054
249.556462585034
249.997641723356
250.41560090702947
250.83356009070295
251.25151927437642
251.80879818594104
252.24997732426303
252.6679365079365
253.15555555555557
253.56190476190477
253.9914739229025
254.37460317460318
254.76934240362812
255.23374149659864
255.75619047619048
256.220589569161
256.74303854875285
257.2190476190476
257.7298866213152
258.2987755102041
259.4017233560091
259.796462585034
260.24925170068025
260.69043083900226
261.12
261.57278911564623
262.0371882086168
262.48997732426307
262.95437641723356
263.41877551020406
263.9180045351474
264.4520634920635
265.0093424036281
265.7407709750567
266.2051700680272
266.76244897959185
267.35455782312926
267.8770068027211
268.3762358276644
268.8290249433107
269.30503401360545
269.76943310657595
270.2918820861678
270.83755102040817
275.4931519274376
276.0039909297052
276.51482993197277
277.0372789115646
277.60616780045353
278.3375963718821
278.65106575963716
278.9993650793651
279.35927437641726
279.7540136054422
280.2068027210884
280.7989115646258
282.5171882086168
282.8538775510204
283.27183673469386
283.7130158730159
284.28190476190474
286.30204081632655
286.7432199546485
287.161179138322
287.6836281179138
287.98548752834466
288.0087074829932
288.3221768707483
288.8678458049887
288.8678458049887
289.146485260771
289.40190476190475
289.65732426303856
290.2262131519274
290.2262131519274
290.516462585034
290.9692517006803
291.5613605442177
291.6890702947846
292.2695691609977
292.7804081632653
293.4073469387755
293.8601360544218
294.27809523809526
294.87020408163266
296.518820861678
296.96
297.3663492063492
297.842358276644
298.27192743764175
298.6318367346939
298.92208616780044
299.2239455782313
299.80444444444447
299.8392743764172
300.1527437641723
300.710022675737
302.59083900226756
302.8926984126984
302.9275283446712
303.49641723356007
303.5196371882086
304.00725623582764
304.4252154195011
304.77351473922903
305.13342403628116
305.71392290249435
306.36408163265304
306.75882086167803
310.8803628117914
311.29832199546485
311.7743310657596
312.273560090703
312.78439909297055
313.4461678004535
313.9453968253968
314.351746031746
314.92063492063494
316.1861224489796
316.557641723356
316.95238095238096
317.37034013605444
317.8115192743764
318.27591836734695
318.74031746031744
319.1118367346939
319.52979591836737
319.8897052154195
320.30766439909297
320.8301133786848
321.3409523809524
321.85179138321996
322.31619047619046
322.89668934240365
323.52362811791386
323.9648072562358
324.39437641723356
324.8355555555556
325.2883446712018
325.71791383219954
326.15909297052156
326.6351020408163
327.0530612244898
327.47102040816327
327.94702947845803
328.51591836734696
329.01514739229026
329.5608163265306
330.01360544217687
330.48961451247163
330.89596371882084
331.46485260770976
332.01052154195014
332.41687074829935
332.86965986394557
333.38049886621314
333.9377777777778
335.27292517006805
335.70249433106574
336.1320634920635
336.5384126984127
337.0144217687075
337.4904308390023
337.9780498866213
338.4192290249433
338.86040816326533
339.289977324263
339.7427664399093
340.2071655328798
340.7063945578231
341.275283446712
342.40145124716554
343.04
343.4695691609977
344.02684807256236
344.88598639455785
345.35038548752834
345.79156462585036
346.2443537414966
346.7435827664399
347.231201814059
347.718820861678
348.2528798185941
348.821768707483
349.3906575963719
349.9479365079365
350.41233560090706
350.8651247165533
351.37596371882086
351.92163265306124
352.46730158730156
353.0361904761905
353.68634920634923
354.2552380952381
354.74285714285713
355.31174603174605
355.8806349206349
356.2985941043084
356.68172335600906
357.1112925170068
357.72662131519274
358.2374603174603
358.6438095238095
359.2010884353742
359.6074376417234
359.95573696145124
360.3272562358277
360.89614512471655
361.4650340136054
361.98748299319726
362.5215419501134
362.9859410430839
363.31102040816324
363.6360997732426
363.93795918367346
364.28625850340137
364.85514739229023
365.98131519274375
366.70113378684806
367.2584126984127
368.2568707482993
370.9852154195011
371.4728344671202
372.169433106576
372.45968253968255
373.0285714285714
373.318820861678
373.318820861678
373.87609977324263
373.87609977324263
374.17795918367347
374.4798185941043
374.8048979591837
375.35056689342406
375.84979591836736
376.17487528344674
376.7902040816327
376.7902040816327
377.3707029478458
377.4055328798186
377.8467120181406
378.438820861678
379.08897959183673
380.8885260770975
380.8885260770975
381.1787755102041
381.5967346938776
381.9102040816326
382.35138321995464
382.6880725623583
383.03637188208614
383.32662131519277
383.60526077097506
384.10448979591837
384.5108390022676
385.07972789115644
385.1726077097506
385.74149659863946
386.18267573696147
386.5774149659864
387.088253968254
387.8080725623583
388.1215419501134
388.46984126984125
388.91102040816327
389.23609977324264
389.70049886621314
390.1881179138322
390.68734693877553
391.6045351473923
392.6146031746032
393.5550113378685
394.901768707483
395.342947845805
396.7245351473923
397.2818140589569
397.86231292517004
399.00009070294783
399.5573696145125
400.1030385487528
401.02022675736964
401.39174603174604
401.83292517006805
402.29732426303855
402.8546031746032
403.1332426303855
403.15646258503403
403.73696145124717
403.818231292517
404.12009070294783
404.4451700680272
404.7934693877551
405.1765986394558
405.5481179138322
406.24471655328796
406.6742857142857
408.63637188208617
409.158820861678
410.3778684807256
410.3778684807256
410.91192743764174
410.91192743764174
411.4808163265306
411.5736961451247
412.16580498866216
412.16580498866216
412.4908843537415
412.9204535147392
419.3756009070295
419.82839002267576
420.3972789115646
421.8485260770975
422.3593650793651
422.3593650793651
422.9166439909297
422.9863038548753
423.3578231292517
423.7293424036281
424.2169614512472
425.0296598639456
425.44761904761907
425.86557823129255
431.69378684807253
432.2162358276644
432.61097505668937
432.9592743764172
433.2495238095238
433.53977324263036
433.8416326530612
434.1899319727891
434.74721088435376
434.7936507936508
435.1419501133787
435.72244897959183
435.7340589569161
436.0939682539682
436.6512471655329
437.39428571428573
437.40589569161
437.8122448979592
438.35791383219953
438.9035827664399
439.2751020408163
441.78285714285715
442.305306122449
442.9554648526077
443.4895238095238
444.3951020408163
444.8014512471655
450.62965986394556
451.1985487528345
451.80226757369616
452.22022675736963
452.7775056689342
453.89206349206347
454.37968253968256
454.8673015873016
455.3317006802721
455.74965986394557
456.2372789115646
456.8061678004535
457.42149659863946
458.60571428571427
458.93079365079365
459.24426303854875
459.8131519274376
459.8131519274376
460.18467120181407
460.75356009070293
461.5198185941043
462.390566893424
462.8433560090703
463.29614512471653
463.8766439909297
464.5616326530612
465.0260317460317
465.5136507936508
465.9316099773243
466.3379591836735
466.7675283446712
467.23192743764173
467.6498866213152
468.12589569160997
468.5554648526077
468.9618140589569
469.39138321995466
469.8790022675737
470.29696145124717
470.8310204081633
471.27219954648524
471.71337868480725
472.1777777777778
472.6421768707483
473.12979591836734
473.62902494331064
474.0585941043084
474.47655328798186
474.94095238095235
475.3705215419501
475.9510204081633
476.56634920634923
477.0771882086168
477.5880272108844
478.0408163265306
478.5516553287982
479.0392743764172
479.5268934240363
480.0377324263039
480.5253514739229
481.059410430839
481.51219954648525
481.9765986394558
482.429387755102
482.8937868480726
483.3581859410431
483.7993650793651
484.2985941043084
484.80943310657597
485.3667120181406
485.9239909297052
486.48126984126986
487.0153287981859
487.45650793650793
487.99056689342405
488.5130158730159
489.0122448979592
489.48825396825396
490.0107029478458
490.5795918367347
491.1136507936508
491.65931972789116
492.11210884353744
492.4255782312925
492.7738775510204
493.0989569160998
493.4588662131519
493.8187755102041
494.38766439909296
495.0842630385487
498.41632653061225
498.8342857142857
499.2986848072562
499.8443537414966
500.4016326530612
500.8079818594104
501.2027210884354
501.5626303854875
501.9689795918367
502.2940589569161
502.642358276644
503.03709750566895
503.6175963718821
503.72208616780046
504.12843537414966
504.3954648526077
504.67410430839004
504.99918367346936
505.4287528344671
505.8351020408163
507.5998185941043
508.0642176870748
508.644716553288
509.12072562358276
509.5967346938776
510.02630385487527
510.455873015873
510.9086621315193
511.38467120181406
511.89551020408163
512.3482993197279
512.9055782312926
513.5325170068028
515.0302040816326
515.4597732426304
515.8893424036281
516.3305215419501
516.7833106575964
517.2244897959183
517.6888888888889
518.2345578231293
518.7221768707483
519.1749659863946
519.5232653061224
519.8483446712019
520.4056235827665
521.183492063492
521.7756009070295
522.5186394557824
522.9365986394558
523.4474376417234
523.9466666666667
524.4342857142857
525.0031746031746
525.5140136054422
525.9784126984127
526.5008616780045
527.0349206349206
527.4760997732426
527.9288888888889
528.3816780045352
528.950566893424
529.7632653061224
530.4250340136055
530.9707029478458
531.4234920634921
531.9111111111112
532.4683900226757
533.0488888888889
533.6526077097506
534.3375963718821
534.7671655328799
535.219954648526
535.661133786848
536.1487528344671
536.6712018140589
537.1936507936508
537.8089795918368
541.0481632653061
541.5473922902494
542.0234013605442
542.4878004535148
542.9173696145125
543.4398185941043
543.9390476190476
544.3570068027211
544.7749659863946
545.2509750566893
545.7269841269841
546.2494331065759
546.6906122448979
547.2478911564626
547.8980498866213
549.7324263038548
550.1619954648526
550.5915646258503
551.0791836734694
551.5551927437642
552.0660317460317
552.518820861678
553.0296598639455
553.5288888888889
553.9700680272109
554.5389569160998
555.0265759637189
555.5258049886621
556.0250340136055
556.5707029478458
557.1395918367347
558.126439909297
558.567619047619
559.0552380952381
559.5544671201814
560.0304761904762
560.5645351473922
561.0869841269841
561.6674829931973
562.2479818594104
562.7820408163266
563.3625396825397
563.9314285714286
564.4538775510204
564.964716553288
565.498775510204
566.0212244897959
566.5088435374149
566.996462585034
567.5653514739229
568.052970521542
568.587029478458
569.0862585034014
569.5854875283446
570.1659863945579
570.7348752834467
571.2689342403628
571.8378231292517
572.3718820861678
572.952380952381
573.4980498866213
574.0669387755102
574.6706575963719
575.2511564625851
575.8897052154196
576.4934240362812
577.0623129251701
577.631201814059
579.221768707483
579.7558276643991
580.2782766439909
580.8007256235828
581.2186848072562
581.6250340136054
582.0081632653062
582.356462585034
582.6815419501133
583.0530612244899
583.412970521542
583.8425396825397
584.1792290249433
584.5159183673469
584.8642176870749
585.2009070294785
585.5724263038549
585.9091156462586
586.3154648526078
586.8959637188209
587.5693424036281
588.2659410430839
589.1482993197279
589.6126984126984
590.1931972789116
590.7504761904762
591.3309750566893
591.9695238095238
592.0856235827664
592.596462585034
594.2102494331066
594.7210884353741
595.1854875283447
595.6498866213152
596.1955555555555
596.6831746031746
597.2056235827664
597.7048526077098
598.157641723356
598.645260770975
599.1444897959184
599.6088888888889
600.1197278911565
600.6886167800453
601.3155555555555
601.8147845804989
602.3140136054421
602.8596825396826
603.3589115646258
603.8349206349206
604.3921995464852
604.9726984126984
605.5880272108843
606.1220861678005
606.6909750566894
607.3063038548753
607.7707029478458
610.1391383219955
610.6615873015872
611.1492063492063
