2.6238548752834467
2.6238548752834467
2.6238548752834467
2.681904761904762
4.237641723356009
4.504671201814059
5.00390022675737
5.270929705215419
5.561179138321996
5.561179138321996
5.863038548752835
6.791836734693877
7.198185941043084
7.7090249433106575
8.045714285714286
8.428843537414966
9.009342403628118
9.009342403628118
9.009342403628118
9.729160997732427
9.763990929705216
10.077460317460318
10.495419501133787
10.785668934240363
11.15718820861678
11.57514739229025
11.888616780045352
12.225306122448979
12.747755102040816
12.747755102040816
25.10077097505669
26.076009070294784
26.493968253968255
27.062857142857144
27.77106575963719
29.663492063492065
37.6627664399093
38.196825396825396
38.69605442176871
38.98630385487528
41.19219954648526
41.59854875283447
42.05133786848072
42.64344671201814
44.07147392290249
53.81224489795918
54.427573696145124
55.83238095238095
56.52897959183674
57.063038548752836
57.53904761904762
59.25732426303855
63.3556462585034
69.40444444444445
69.99655328798185
70.37968253968253
70.76281179138321
71.34331065759638
71.40136054421768
71.78448979591836
75.51129251700681
75.78993197278912
76.25433106575964
76.85804988662132
77.19473922902495
77.81006802721089
78.32090702947846
79.11038548752835
81.71102040816326
82.33795918367348
91.41696145124716
91.67238095238095
92.0322902494331
92.75210884353741
93.42548752834468
93.73895691609977
94.35428571428571
94.47038548752835
95.02766439909297
95.3295238095238
95.3295238095238
95.88680272108843
96.25832199546485
96.72272108843538
97.26839002267573
100.54240362811791
105.36054421768708
105.61596371882086
112.31492063492064
112.75609977324262
113.71972789115647
113.97514739229025
114.42793650793651
117.08662131519274
117.76
118.09668934240362
118.67718820861678
119.03709750566894
119.74530612244898
119.74530612244898
120.04716553287982
120.54639455782313
121.05723356009071
121.8118820861678
130.5425850340136
130.9837641723356
131.50621315192743
132.81814058956917
133.20126984126983
133.86303854875283
137.1138321995465
137.4853514739229
137.8917006802721
138.4025396825397
139.5867573696145
140.13242630385488
141.74621315192744
144.5209977324263
145.0898866213152
145.70521541950114
146.27410430839004
148.21297052154196
148.78185941043083
150.19827664399094
150.76716553287983
156.1077551020408
156.65342403628117
157.88408163265305
158.44136054421767
160.79818594104307
161.3554648526077
162.15655328798186
162.737052154195
164.04897959183674
164.54820861678004
165.11709750566894
166.39419501133787
166.9514739229025
168.30984126984126
168.79746031746032
169.3663492063492
170.63183673469388
171.20072562358277
173.30213151927438
173.74331065759637
174.24253968253967
174.75337868480725
175.20616780045353
175.78666666666666
178.0390022675737
178.60789115646259
180.05913832199548
180.62802721088434
181.09242630385486
181.66131519274376
182.89197278911564
183.41442176870748
183.90204081632652
184.4709297052154
186.6419954648526
187.1528344671202
187.64045351473922
188.11646258503401
188.67374149659864
189.9160090702948
190.47328798185941
191.0073469387755
191.5762358276644
192.22639455782314
196.71945578231293
197.18385487528346
197.7643537414966
200.86421768707484
201.29378684807256
201.76979591836735
202.1645351473923
202.50122448979593
202.90757369614514
203.476462585034
203.92925170068028
204.30077097505668
204.8928798185941
205.93777777777777
206.50666666666666
206.5298866213152
206.94784580498867
207.36580498866212
207.83020408163264
208.1668934240363
208.61968253968254
209.22340136054422
210.17541950113377
210.6746485260771
211.05777777777777
211.63827664399093
212.20716553287983
212.50902494331066
212.9966439909297
213.55392290249432
218.39528344671203
218.79002267573696
219.24281179138322
219.76526077097506
220.5663492063492
220.61278911564625
220.9726984126984
221.3558276643991
221.924716553288
222.18013605442178
231.75836734693877
232.23437641723356
232.78004535147392
236.00761904761904
236.4371882086168
236.91319727891155
237.47047619047618
239.67637188208616
240.11755102040817
240.59356009070294
241.16244897959183
241.97514739229024
241.97514739229024
242.28861678004534
242.66013605442177
243.0316553287982
243.6005442176871
243.6005442176871
243.90240362811792
244.29714285714286
244.61061224489796
244.97052154195012
245.4813605442177
245.76
245.80643990929704
246.35210884353742
247.06031746031746
247.44344671201813
247.84979591836733
248.07038548752834
248.48834467120182
248.8366439909297
249.38231292517005
249.68417233560092
249.69578231292516
250.218231292517
250.52009070294784
250.5317006802721
250.89160997732426
251.1934693877551
251.77396825396826
251.83201814058958
252.18031746031747
252.67954648526077
263.8947845804989
264.3475736961451
264.8235827664399
265.40408163265306
265.4853514739229
265.7872108843537
266.10068027210883
266.6231292517007
267.66802721088436
267.99310657596374
268.08598639455784
269.85070294784583
270.3731519274376
270.93043083900227
272.4977777777778
273.39174603174604
273.8677551020408
278.23310657596375
278.5233560090703
278.5930158730159
278.8948752834467
279.55664399092973
279.5798639455782
280.10231292517005
280.497052154195
281.0659410430839
281.11238095238093
283.72462585034015
289.80825396825395
290.3190929705215
291.7819501133787
292.07219954648525
292.5365986394558
293.0474376417234
294.9514739229025
295.50875283446715
296.077641723356
298.1558276643991
298.724716553288
300.8493424036281
301.27891156462584
301.7665306122449
302.27736961451245
302.8462585034014
305.5165532879819
305.94612244897957
306.43374149659866
306.9561904761905
307.52507936507936
310.508843537415
310.9151927437642
311.3679818594104
311.92526077097506
313.42294784580497
313.93378684807254
314.4910657596372
315.64045351473925
316.2093424036281
326.3912925170068
326.7744217687075
327.34331065759636
328.2721088435374
328.82938775510206
330.43156462585034
331.0120634920635
335.0291156462585
335.447074829932
336.01596371882084
338.802358276644
339.1970975056689
339.67310657596374
340.2419954648526
341.76290249433106
342.1924716553288
342.598820861678
343.02839002267575
343.5972789115646
344.8279365079365
345.3968253968254
346.8248526077098
347.38213151927437
350.81868480725626
351.2366439909297
351.6778231292517
352.177052154195
360.872925170068
361.31410430839003
361.8713832199546
368.74448979591835
369.1740589569161
369.60362811791384
370.05641723356007
370.6136961451247
371.46122448979594
371.9024036281179
372.4712925170068
374.3869387755102
374.87455782312924
375.44344671201816
377.3823129251701
377.8118820861678
378.2762811791383
378.81034013605444
379.34439909297055
379.90167800453514
383.38467120181406
383.8142403628118
384.2786394557823
384.8243083900227
385.27709750566896
385.83437641723356
388.4350113378685
388.87619047619046
389.41024943310657
389.9443083900227
390.4087074829932
390.96598639455783
391.5348752834467
392.1618140589569
392.7307029478458
395.9350566893424
396.3762358276644
396.8290249433107
397.2934240362812
397.86231292517004
399.78956916099776
400.242358276644
400.70675736961454
401.2175963718821
401.7400453514739
402.2160544217687
402.7849433106576
404.0968707482993
404.5728798185941
405.0372789115646
405.582947845805
406.1286167800454
406.69750566893424
407.2780045351474
414.76643990929705
415.21922902494333
415.6371882086168
416.0087074829932
416.5659863945578
416.6008163265306
416.92589569161
417.4831746031746
418.06367346938777
418.1101133786848
418.57451247165534
419.13179138321993
420.29278911564626
420.29278911564626
420.6294784580499
421.0358276643991
421.4537868480726
421.98784580498864
422.3593650793651
422.92825396825396
423.415873015873
423.6829024943311
424.24018140589567
424.24018140589567
424.56526077097504
425.14575963718823
425.15736961451245
425.5869387755102
425.9468480725624
427.3516553287982
427.39809523809527
427.78122448979593
428.3501133786848
432.54131519274375
432.9244444444444
433.30757369614514
433.7023129251701
434.1086621315193
434.5498412698413
434.99102040816325
435.5134693877551
436.02430839002267
436.4887074829932
437.011156462585
437.4871655328798
438.0560544217687
441.7015873015873
442.1427664399093
442.5491156462585
442.9902947845805
443.38503401360543
443.8378231292517
444.337052154195
444.82467120181406
445.35873015873017
445.8927891156463
446.4500680272109
447.14666666666665
447.6575056689342
448.2380045351474
457.61886621315193
458.0368253968254
458.43156462585034
458.8843537414966
459.3255328798186
459.7551020408163
460.312380952381
462.9478458049887
463.28453514739226
463.6212244897959
463.9695238095238
464.30621315192747
464.7473922902494
465.3046712018141
466.4192290249433
467.99818594104306
468.4741950113379
468.95020408163265
473.62902494331064
473.907664399093
474.19791383219956
474.75519274376416
474.7784126984127
475.16154195011336
475.6956009070295
476.2528798185941
478.632925170068
479.8055328798186
479.8055328798186
480.37442176870746
480.4440816326531
480.92009070294785
481.41931972789115
481.7095691609977
481.76761904761906
482.1275283446712
482.5222675736961
482.9750566893424
483.55555555555554
486.3767800453515
486.94566893424036
486.9688888888889
487.44489795918366
487.72353741496596
487.72353741496596
488.2808163265306
488.2808163265306
488.60589569161
488.9193650793651
489.22122448979593
489.7901133786848
489.8713832199546
490.20807256235827
490.7305215419501
490.97433106575966
491.4271201814059
491.8334693877551
492.2746485260771
492.7390476190476
493.2266666666667
493.772335600907
494.3063945578231
495.8969614512472
496.46585034013606
499.72825396825397
500.13460317460317
500.5293424036281
500.8892517006803
501.33043083900225
501.8412698412698
502.3288888888889
502.8048979591837
503.28090702947844
503.76852607709753
504.2793650793651
504.8018140589569
505.31265306122447
505.8699319727891
506.438820861678
506.9148299319728
507.39083900226757
507.8552380952381
508.3196371882086
514.031746031746
514.3684353741496
514.7167346938776
515.0302040816326
515.3668934240363
515.7035827664399
516.1215419501134
516.5395011337869
517.0039002267574
517.5727891156463
519.3026757369614
519.6509750566894
520.080544217687
520.5681632653061
521.0557823129252
521.4969614512472
522.0774603174603
522.901768707483
522.9598185941043
523.517097505669
524.3994557823129
524.7825850340136
525.1889342403628
525.7578231292517
526.6401814058956
527.0929705215419
527.5921995464853
528.06820861678
528.5790476190476
529.1479365079365
532.0736507936508
532.4916099773243
532.9327891156463
533.3971882086167
533.8964172335601
534.3608163265307
534.8136054421768
535.2431746031746
535.6727437641723
536.0790929705215
536.5434920634921
537.1123809523809
538.4126984126984
538.9815873015873
540.8856235827665
541.3500226757369
541.8608616780045
542.3368707482994
542.8128798185941
543.3121088435374
543.7997278911564
544.2060770975056
545.1232653061224
545.459954648526
545.7850340136055
546.1565532879819
546.5745124716553
547.0505215419502
547.5381405895691
548.0257596371882
548.5946485260771
549.1054875283447
549.5814965986394
550.1155555555556
550.6728344671202
551.2649433106576
551.9267120181406
552.3098412698413
552.739410430839
553.3199092970522
553.9816780045352
554.3648072562358
554.8756462585034
555.9553741496599
556.2688435374149
556.5823129251701
557.1512018140589
557.4414512471656
557.4414512471656
558.0219501133787
558.033560090703
558.3238095238095
558.8578684807256
558.8578684807256
559.1945578231292
559.7286167800454
560.2162358276644
560.4948752834467
560.7967346938775
561.3307936507937
561.3307936507937
561.8996825396825
568.9121088435375
569.5158276643991
569.5158276643991
569.8176870748299
570.1543764172336
570.52589569161
570.8858049886621
571.454693877551
571.4663038548753
572.0351927437641
572.0351927437641
572.557641723356
572.8362811791383
572.8362811791383
573.0684807256235
573.4167800453515
573.8231292517007
574.1830385487528
574.7170975056689
574.7170975056689
575.2859863945578
575.3208163265306
575.9477551020408
576.1451247165533
576.7488435374149
576.8068934240363
577.3990022675737
577.3990022675737
577.8750113378685
580.0692970521542
580.7775056689343
580.7775056689343
581.3463945578231
581.3463945578231
581.8572335600907
582.1590929705216
582.1590929705216
582.5886621315193
583.412970521542
584.38820861678
584.6552380952381
585.1776870748299
585.4679365079365
585.5259863945578
585.8626757369615
586.280634920635
586.7450340136054
587.3023129251701
588.6374603174603
588.6374603174603
589.1018594104308
589.4965986394558
589.902947845805
590.344126984127
590.8085260770976
591.2380952380952
591.8185941043084
592.0391836734694
593.5600907029478
594.0012698412698
594.4656689342404
594.8836281179139
595.3015873015873
595.6498866213152
596.0097959183673
596.3580952380952
596.7760544217687
597.228843537415
597.7861224489795
599.0980498866213
599.527619047619
599.9571882086168
600.45641723356
600.9556462585034
601.4664852607709
601.9773242630386
602.4417233560091
603.010612244898
604.2877097505669
605.262947845805
605.7505668934241
606.2381859410431
606.6561451247165
607.2366439909297
607.3063038548753
607.6546031746032
608.177052154195
609.4425396825396
609.8953287981859
610.3132879818594
610.8009070294785
611.311746031746
611.7761451247165
612.3450340136054
612.9023129251701
614.3535600907029
614.8063492063492
615.2939682539683
615.7931972789115
616.3156462585034
616.8264852607709
617.3953741496599
617.9642630385488
618.9975510204082
619.52
620.0076190476191
620.5765079365079
621.6097959183674
622.1090249433106
622.6779138321996
623.6763718820862
624.1756009070294
624.6748299319728
625.1972789115646
625.7545578231293
626.3002267573696
626.8110657596372
627.3915646258504
628.0533333333333
629.0750113378684
629.667120181406
630.2476190476191
