3.575873015873016
3.575873015873016
4.098321995464852
4.702040816326531
7.918004535147392
7.918004535147392
8.510113378684807
8.533333333333333
8.846802721088435
9.148662131519274
9.462131519274376
9.822040816326531
10.379319727891156
10.704399092970522
10.704399092970522
10.971428571428572
11.493877551020407
11.493877551020407
12.07437641723356
12.120816326530612
12.863854875283447
12.910294784580499
13.79265306122449
14.779501133786848
15.17424036281179
15.801179138321995
16.103038548752835
16.253968253968253
16.70675736961451
17.101496598639457
17.41496598639456
17.751655328798186
18.18122448979592
18.471473922902494
18.784943310657596
19.13324263038549
19.4118820861678
19.841451247165534
20.421950113378685
20.97922902494331
24.60154195011338
27.956825396825398
28.293514739229025
28.69986394557823
29.175873015873016
29.593832199546487
38.70766439909297
39.137233560090706
39.48553287981859
39.97315192743764
40.44916099773243
41.72625850340136
42.31836734693878
42.91047619047619
43.53741496598639
44.36172335600907
44.3849433106576
44.90739229024943
45.244081632653064
45.53433106575964
45.952290249433105
46.35863945578231
46.76498866213152
47.217777777777776
49.43528344671202
55.3795918367347
55.75111111111111
57.43455782312925
57.74802721088435
58.316916099773245
58.39818594104308
58.792925170068024
59.37342403628118
60.46476190476191
61.045260770975055
61.1265306122449
61.70702947845805
62.299138321995464
66.89668934240363
67.48879818594105
67.76743764172336
68.28988662131519
68.75428571428571
69.1025850340136
70.25197278911564
72.16761904761904
73.02675736961451
74.04843537414966
74.48961451247166
74.93079365079365
75.27909297052155
75.80154195011337
76.45170068027211
77.81006802721089
78.87818594104309
79.71410430839002
80.3178231292517
80.3178231292517
80.61968253968254
80.9447619047619
81.24662131519274
81.53687074829932
82.10575963718821
82.15219954648526
82.46566893424037
82.90684807256235
83.23192743764173
83.66149659863946
84.20716553287981
84.57868480725624
85.44943310657597
86.49433106575964
87.81786848072562
88.59573696145125
89.51292517006803
90.13986394557823
90.82485260770974
91.33569160997732
91.68399092970522
92.0671201814059
92.68244897959184
92.68244897959184
93.042358276644
93.47192743764172
93.91310657596372
94.20335600907029
94.50521541950113
95.08571428571429
95.12054421768707
95.53850340136054
96.06095238095239
96.4324716553288
96.93170068027212
97.34965986394558
98.03464852607709
98.7544671201814
99.17242630385488
100.29859410430839
101.45959183673469
102.28390022675737
103.97895691609978
105.15156462585034
106.11519274376417
106.49832199546485
107.00916099773242
107.56643990929705
107.9263492063492
108.2398185941043
108.55328798185941
108.86675736961452
109.18022675736961
109.48208616780046
110.01614512471656
110.57342403628118
110.89850340136054
111.28163265306122
111.62993197278911
112.02467120181406
112.40780045351474
112.77931972789116
113.31337868480726
113.7081179138322
114.07963718820862
114.45115646258503
115.0548752834467
115.60054421768707
116.26231292517006
116.70349206349206
117.21433106575964
117.69034013605442
118.0734693877551
118.37532879818595
118.94421768707483
119.28090702947846
120.2097052154195
120.6508843537415
121.21977324263038
125.59673469387755
126.40943310657596
126.87383219954648
127.32662131519274
127.69814058956916
128.0
128.4992290249433
128.8126984126984
129.1958276643991
129.61378684807255
129.9736961451247
130.36843537414967
130.69351473922902
131.09986394557822
131.48299319727892
132.10993197278913
143.51092970521543
149.5481179138322
150.51174603174604
157.4312925170068
157.7215419501134
158.1859410430839
158.6503401360544
159.26566893424035
163.49170068027212
164.21151927437643
164.86167800453515
165.163537414966
165.7556462585034
165.7904761904762
166.18521541950113
172.5010430839002
176.69224489795917
177.66748299319727
178.9445804988662
179.8965986394558
180.2681179138322
180.86022675736962
180.90666666666667
181.22013605442177
181.54521541950115
181.93995464852608
182.28825396825397
182.76426303854876
183.2518820861678
183.66984126984127
184.32
185.1326984126984
185.52743764172337
186.04988662131518
186.4214058956916
187.1180045351474
188.66213151927437
189.38195011337868
190.984126984127
191.49496598639456
192.8301133786848
195.51201814058956
196.0344671201814
199.78448979591838
200.39981859410432
203.1049433106576
203.70866213151928
206.3673469387755
206.83174603174604
207.18004535147392
207.48190476190476
207.934693877551
208.4107029478458
208.9795918367347
209.51365079365078
209.8851700680272
210.17541950113377
210.8604081632653
211.25514739229024
211.60344671201815
212.1839455782313
212.7180045351474
218.4301133786848
219.01061224489797
219.45179138321996
221.11201814058956
221.52997732426303
222.56326530612245
224.60662131519274
224.8968707482993
225.24517006802722
225.58185941043084
225.8488888888889
226.46421768707484
226.58031746031747
226.8473469387755
227.21886621315193
227.62521541950113
228.2057142857143
228.3914739229025
228.96036281179138
229.03002267573697
229.62213151927438
229.72662131519274
230.31873015873015
230.66702947845806
231.20108843537415
231.58421768707484
231.99056689342405
232.29242630385488
232.8497052154195
233.62757369614513
234.3590022675737
235.56643990929706
237.0292970521542
237.49369614512472
244.8428117913832
245.46975056689342
245.51619047619047
246.15473922902495
246.15473922902495
246.49142857142857
246.87455782312927
247.12997732426305
247.94267573696146
249.26621315192745
251.61142857142858
252.05260770975056
252.47056689342404
252.9233560090703
254.50231292517006
255.08281179138322
256.4992290249433
256.8126984126984
257.1261678004535
257.7298866213152
257.78793650793654
258.1014058956916
258.4497052154195
258.7051247165533
259.2043537414966
259.5410430839002
259.92417233560093
260.37696145124715
260.8645804988662
261.50312925170067
262.1648979591837
262.76861678004536
262.8150566893424
263.1285260770975
263.46521541950113
264.1037641723356
264.6146031746032
265.34603174603177
269.0031746031746
269.5604535147392
270.9652607709751
271.4180498866213
271.88244897959186
272.4281179138322
275.52798185941043
276.0039909297052
276.5380498866213
277.7338775510204
278.19827664399094
278.7439455782313
280.5667120181406
281.1239909297052
282.2037188208617
282.67972789115646
283.2370068027211
284.13097505668935
284.66503401360546
285.95374149659864
286.4297505668934
287.02185941043086
287.39337868480726
288.7285260770975
289.2045351473923
289.7966439909297
290.38875283446714
291.0969614512472
291.7819501133787
292.6294784580499
299.86249433106576
300.2572335600907
300.54748299319726
300.86095238095237
301.15120181405894
301.4878911564626
302.09160997732425
302.73015873015873
303.12489795918367
303.7053968253968
303.7053968253968
304.3787755102041
305.45850340136053
306.7936507936508
307.30448979591836
314.4910657596372
315.1180045351474
315.675283446712
318.4732879818594
318.5777777777778
318.9376870748299
319.3904761904762
319.94775510204084
320.22639455782314
320.8068934240363
322.1420408163265
322.31619047619046
322.8734693877551
323.22176870748297
324.02285714285716
324.61496598639457
324.99809523809523
326.03138321995465
326.9137414965986
329.8626757369615
332.38204081632654
334.44861678004537
335.3541950113379
335.77215419501135
336.2249433106576
336.7241723356009
337.28145124716553
341.2404535147392
341.7861224489796
344.2938775510204
344.7002267573696
345.25750566893424
346.4997732426304
349.83183673469387
350.2730158730159
350.8302947845805
352.28154195011336
352.7111111111111
353.1522902494331
353.721179138322
354.4874376417234
355.0331065759637
355.48589569161
356.0083446712018
356.46113378684805
356.9719727891156
357.5292517006803
358.2722902494331
358.8295691609977
362.20807256235827
362.6144217687075
363.0439909297052
363.57804988662133
364.2398185941043
364.6926077097506
365.2266666666667
365.9580952380952
366.43410430839003
367.0029931972789
370.14929705215417
370.625306122449
371.0780952380952
371.6585941043084
375.1415873015873
375.571156462585
376.0239455782313
376.59283446712016
379.35600907029476
379.76235827664397
380.18031746031744
380.5982766439909
381.1439455782313
384.33668934240364
384.7662585034014
385.20743764172335
385.6602267573696
386.2175056689342
389.0271201814059
389.5843990929705
391.3491156462585
394.59990929705214
395.0294784580499
395.49387755102043
395.98149659863947
396.5155555555556
397.3166439909297
399.7315192743764
400.462947845805
400.8692970521542
401.3220861678005
401.8213151927438
402.3089342403628
402.79655328798185
403.3654421768708
403.87628117913835
404.3871201814059
404.9560090702948
405.6642176870748
406.6742857142857
407.19673469387754
407.7540136054422
408.33451247165533
410.05278911564625
410.52879818594107
411.03963718820864
411.6085260770975
413.791201814059
414.2904308390023
414.8709297052154
415.6604081632653
417.76181405895693
418.30748299319725
418.74866213151927
419.2130612244898
419.75873015873015
420.2463492063492
420.82684807256237
421.61632653061224
421.7324263038549
422.1968253968254
422.8934240362812
423.18367346938777
423.83383219954646
424.56526077097504
424.9019501133787
426.1209977324263
426.50412698412697
427.1542857142857
431.03201814058957
431.5660770975057
432.065306122449
432.5993650793651
433.1914739229025
435.7804988662132
436.2448979591837
437.0575963718821
437.62648526077095
439.4492517006803
439.86721088435377
440.32
440.87727891156464
442.8625850340136
443.3153741496599
443.8029931972789
444.3138321995465
444.8362811791383
445.3935600907029
446.0785487528345
446.55455782312924
447.0770068027211
447.5646258503401
448.1219047619048
449.95628117913833
450.45551020408163
451.03600907029477
451.8138775510204
452.324716553288
452.8355555555556
453.2883446712018
453.8224036281179
454.3912925170068
455.8309297052154
459.5461224489796
460.0337414965986
460.5329705215419
461.0902494331066
465.7342403628118
466.1986394557823
466.6514285714286
467.1158276643991
467.59183673469386
468.1491156462585
470.111201814059
470.5639909297052
471.04
471.5972789115646
472.30548752834466
472.8743764172336
474.52299319727894
474.97578231292516
475.5330612244898
477.7157369614512
478.23818594104307
478.81868480725626
479.4456235827664
481.8024489795918
482.4061678004535
484.53079365079367
485.0184126984127
485.5756916099773
486.6438095238095
487.16625850340137
487.73514739229023
488.2459863945578
488.826485260771
491.740589569161
493.7839455782313
494.213514739229
494.6895238095238
495.1771428571429
495.6299319727891
496.21043083900224
500.61061224489794
501.0634013605442
501.5161904761905
501.99219954648527
502.5146485260771
502.9790476190476
503.46666666666664
504.03555555555556
504.59283446712016
505.17333333333335
506.4620408163265
508.4589569160998
515.5062131519275
515.9473922902495
516.4117913832199
516.8878004535147
517.4218594104308
518.0139682539683
520.1037641723356
520.5797732426304
521.090612244898
521.5666213151927
522.1239002267573
524.6780952380952
525.107664399093
525.548843537415
526.0132426303854
526.5589115646259
528.9157369614512
529.3569160997732
529.8213151927438
530.3089342403628
530.8429931972789
531.3306122448979
531.8414512471655
532.3755102040816
532.8979591836735
533.4668480725624
534.1170068027211
538.4823582766439
538.9583673469388
539.5040362811791
542.3484807256236
542.8477097505669
543.3004988662132
543.7532879818594
544.2176870748299
544.7633560090703
545.3206349206349
545.808253968254
546.295873015873
546.8183219954649
547.3407709750567
547.8980498866213
548.9777777777778
549.5814965986394
550.0691156462585
550.6496145124717
551.2417233560091
551.7990022675737
552.3795011337869
552.9483900226758
553.4708390022676
554.016507936508
556.3501133786848
559.1016780045352
559.5660770975056
560.0188662131519
560.506485260771
561.0057142857142
561.5049433106576
562.0157823129251
562.538231292517
563.0374603174603
563.5250793650794
564.0939682539682
564.6860770975056
565.2549659863946
565.8354648526077
566.3579138321995
566.8687528344672
567.4260317460318
567.9949206349206
568.587029478458
569.1791383219954
569.7248072562359
570.305306122449
570.8974149659864
571.4779138321995
572.1629024943311
572.952380952381
573.5212698412698
574.0901587301587
574.6358276643991
576.2496145124717
576.7836734693877
577.3641723356009
577.9795011337868
578.5483900226758
579.1056689342404
579.662947845805
580.2318367346938
581.0561451247165
582.8905215419501
583.5406802721088
584.0863492063492
584.6552380952381
585.224126984127
587.0701133786848
587.5693424036281
588.1034013605442
588.6490702947846
589.2179591836734
589.7752380952381
590.4021768707483
598.4711111111111
598.9006802721088
599.3650793650794
599.8526984126984
600.3403174603175
600.851156462585
601.420045351474
602.0237641723356
603.010612244898
603.544671201814
604.1019501133787
604.6476190476191
605.2513378684807
605.7970068027211
606.3542857142858
607.5036734693878
608.002902494331
608.4905215419501
608.9781405895692
609.5470294784581
610.1507482993197
610.7312471655329
611.3001360544217
612.8907029478459
613.3551020408163
613.8543310657597
614.3883900226757
614.9108390022676
615.4797278911565
616.1414965986395
616.6639455782313
617.2212244897959
617.7668934240363
618.3241723356009
618.8466213151927
619.3922902494331
619.961179138322
620.5184580498866
621.0757369614513
621.679455782313
622.2367346938776
622.7940136054422
623.93179138322
624.4426303854875
624.9650793650794
625.4759183673469
626.0564172335601
626.6253061224489
627.1477551020408
627.6469841269841
628.2042630385488
628.7847619047619
629.3304308390022
629.8993197278911
630.5030385487528
631.4434467120182
632.0239455782313
632.5463945578231
633.1501133786849
