5.073560090702948
5.561179138321996
8.475283446712018
9.415691609977324
9.880090702947847
10.181950113378685
10.727619047619047
11.644807256235827
11.946666666666667
12.016326530612245
12.329795918367347
12.620045351473923
13.165714285714285
14.930430839002268
15.232290249433106
15.464489795918368
16.114648526077097
16.370068027210884
16.370068027210884
16.880907029478458
17.2756462585034
49.85324263038549
50.51501133786848
56.23873015873016
61.59092970521542
64.79528344671202
68.48725623582766
69.17224489795919
72.99192743764172
73.5027664399093
74.03682539682539
78.98267573696145
79.63283446712018
81.79229024943311
83.40607709750567
85.67002267573696
86.79619047619047
87.39990929705215
88.1081179138322
91.8465306122449
93.87827664399093
94.33106575963718
97.19873015873016
97.62829931972789
104.23437641723356
105.45342403628118
106.25451247165533
116.28553287981859
117.06340136054422
136.34757369614513
139.16879818594106
139.55192743764172
142.88399092970522
143.3948299319728
146.8429931972789
158.91736961451247
159.4746485260771
162.82993197278913
163.38721088435375
163.79356009070295
164.4088888888889
165.51183673469387
166.05750566893425
166.56834467120183
167.25333333333333
167.91510204081632
168.32145124716553
170.55056689342405
178.27120181405897
178.41052154195012
181.5568253968254
182.16054421768706
194.8154195011338
195.30303854875282
195.86031746031745
196.32471655328797
199.57551020408164
200.19083900226758
206.3673469387755
206.76208616780045
207.35419501133788
207.8418140589569
213.50748299319727
213.8790022675737
214.32018140589568
214.79619047619047
215.260589569161
217.01369614512473
217.59419501133786
218.10503401360543
218.5926530612245
219.1615419501134
219.498231292517
221.00752834467121
221.50675736961452
221.98276643990928
222.7025850340136
223.86358276643992
224.32798185941044
224.90848072562358
226.13913832199546
226.60353741496598
227.69487528344672
228.21732426303853
228.84426303854875
231.31718820861678
231.73514739229026
232.24598639455783
232.61750566893423
233.17478458049888
233.6972335600907
233.77850340136055
234.68408163265306
237.95809523809524
238.48054421768708
238.89850340136056
239.4441723356009
239.9201814058957
240.46585034013606
241.8938775510204
242.3698866213152
243.1477551020408
244.86603174603175
245.40009070294784
245.95736961451246
248.88308390022675
249.26621315192745
249.84671201814058
250.35755102040815
250.88
253.20199546485262
253.6199546485261
254.08435374149659
254.58358276643992
255.0247619047619
255.41950113378684
255.94195011337868
257.323537414966
257.8227664399093
258.3103854875283
258.8908843537415
259.8080725623583
260.28408163265306
264.9280725623583
265.3344217687075
265.81043083900227
266.37931972789113
266.99464852607707
267.5287074829932
268.53877551020406
268.89868480725625
269.49079365079365
269.9784126984127
270.4195918367347
271.00009070294783
271.4877097505669
271.9637188208617
276.1665306122449
277.78031746031746
278.3492063492063
281.9482993197279
281.95990929705215
282.3778684807256
282.923537414966
283.1557369614512
285.1990929705215
285.7795918367347
285.9653514739229
286.26721088435374
286.58068027210885
286.95219954648525
287.54430839002265
288.20607709750567
288.7865759637188
289.15809523809526
289.7037641723356
290.12172335600906
290.98086167800454
291.35238095238094
291.63102040816324
292.16507936507935
292.4088888888889
292.88489795918366
293.2680272108843
293.5698866213152
294.092335600907
294.38258503401363
299.42131519274375
300.4429931972789
300.977052154195
301.5111111111111
302.1496598639456
302.68371882086166
303.00879818594103
303.4615873015873
303.89115646258506
304.2394557823129
308.4538775510204
310.8687528344671
312.73795918367347
313.1675283446712
313.4577777777778
313.864126984127
314.74648526077095
314.8045351473923
315.37342403628116
315.5243537414966
316.3718820861678
317.01043083900225
318.14820861678004
320.47020408163263
321.7356916099773
331.18621315192746
331.917641723356
333.4501587301587
334.1583673469388
334.4950566893424
335.33097505668934
336.1320634920635
345.4548752834467
345.52453514739227
346.9525623582766
347.6027210884354
351.6662131519274
352.18866213151927
352.87365079365077
353.4077097505669
366.32961451247166
366.9101133786848
366.9565532879819
368.0827210884354
369.16244897959183
369.7081179138322
375.00226757369614
375.4318367346939
375.90784580498865
376.40707482993196
376.98757369614515
377.98603174603176
378.45043083900225
379.1586394557823
379.7391383219955
380.4821768707483
381.5851247165533
382.03791383219954
382.455873015873
383.02476190476193
383.7445804988662
384.220589569161
384.65015873015875
394.35609977324265
394.94820861678005
395.49387755102043
396.5271655328798
399.8243990929705
400.3352380952381
404.5380498866213
404.9792290249433
405.87319727891156
406.3956462585034
410.30820861678006
411.85233560090705
412.3631746031746
413.86086167800454
414.7548299319728
419.93287981859413
420.33922902494334
420.83845804988664
421.3144671201814
424.4956009070295
425.06448979591835
425.6798185941043
426.1558276643991
426.8872562358277
428.3849433106576
428.930612244898
429.6156009070295
430.5792290249433
431.17133786848075
433.21469387755104
433.7371428571429
434.17832199546484
434.5962811791383
435.0142403628118
435.4786394557823
435.5018594104308
436.3958276643991
436.88344671201816
437.5800453514739
438.6829931972789
439.1822222222222
439.66984126984124
440.15746031746033
440.5870294784581
441.4809977324263
446.7287074829932
447.40208616780046
448.2612244897959
448.7024036281179
449.2016326530612
449.7473015873016
450.2465306122449
450.72253968253966
451.2914285714286
453.1490249433107
453.5553741496599
453.9501133786848
454.5073922902494
455.63356009070293
462.4021768707483
462.91301587301587
463.28453514739226
463.7953741496599
464.39909297052156
466.8836281179138
467.4873469387755
467.9633560090703
468.5322448979592
469.5539229024943
475.76526077097503
476.17160997732424
476.65922902494333
477.1700680272109
477.7157369614512
478.19174603174605
478.78385487528345
479.24825396825395
479.79392290249433
480.29315192743763
481.4077097505669
481.941768707483
482.6964172335601
490.2312925170068
490.68408163265303
491.93795918367346
493.48208616780045
494.2251247165533
496.4890702947846
497.0463492063492
497.4991383219955
497.9867573696145
499.28707482993195
499.86757369614514
500.41324263038547
500.9473015873016
501.05179138321995
501.8528798185941
502.3056689342404
502.8977777777778
503.46666666666664
504.0587755102041
504.63927437641723
508.6098866213152
509.0975056689342
512.4643990929706
512.9171882086168
513.3815873015873
520.6262131519275
521.4621315192744
521.8917006802722
522.3909297052154
522.8088888888889
523.3777777777777
