3.517823129251701
3.517823129251701
4.028662131519274
4.35374149659864
7.395555555555555
7.918004535147392
7.918004535147392
8.150204081632653
8.719092970521542
9.438911564625851
9.868480725623582
10.379319727891156
10.866938775510205
11.284897959183674
11.77251700680272
12.318185941043083
12.701315192743763
12.782585034013605
13.235374149659863
13.56045351473923
14.071292517006803
14.837551020408164
15.232290249433106
18.692063492063493
18.692063492063493
19.005532879818595
19.365442176870747
19.922721088435374
20.003990929705214
20.572879818594103
20.572879818594103
21.02566893424036
21.339138321995463
21.69904761904762
22.024126984126983
22.349206349206348
22.627845804988663
23.06902494331066
35.90965986394558
36.281179138321995
36.69913832199546
38.38258503401361
38.67283446712018
38.67283446712018
38.951473922902494
39.288163265306125
39.72934240362812
40.29823129251701
43.990204081632655
44.33850340136055
44.90739229024943
46.834648526077096
47.22938775510204
47.69378684807256
48.22784580498866
48.68063492063492
49.20308390022676
51.65278911564626
52.0475283446712
52.43065759637188
52.790566893424035
53.26657596371882
53.74258503401361
54.857142857142854
55.17061224489796
55.5653514739229
56.04136054421769
57.95700680272109
58.34013605442177
58.72326530612245
59.129614512471655
59.54757369614512
60.03519274376417
60.42993197278911
60.766621315192744
61.149750566893424
61.68380952380952
65.03909297052154
65.41061224489796
65.79374149659864
66.2117006802721
66.60643990929705
66.96634920634921
67.38430839002268
67.82548752834467
68.22022675736962
68.64979591836735
69.05614512471655
69.47410430839003
69.91528344671202
70.35646258503401
70.90213151927438
73.02675736961451
73.4098866213152
73.75818594104308
74.15292517006803
74.65215419501133
75.18621315192743
76.38204081632654
76.77678004535147
77.18312925170068
77.60108843537415
77.99582766439909
78.39056689342404
78.78530612244899
79.19165532879819
79.5980045351474
80.01596371882086
80.45714285714286
80.90993197278911
81.42077097505668
81.86195011337868
82.29151927437641
82.69786848072562
83.11582766439909
83.54539682539682
84.10267573696144
86.62204081632653
87.1677097505669
87.65532879818593
88.00362811791383
88.35192743764172
88.82793650793651
96.5253514739229
96.90848072562358
97.28
97.6863492063492
98.11591836734694
98.56870748299319
99.05632653061224
99.54394557823129
100.73977324263039
101.07646258503401
101.45959183673469
101.83111111111111
102.2142403628118
102.60897959183673
102.99210884353741
103.41006802721088
103.86285714285714
104.26920634920634
104.65233560090702
105.01224489795918
105.40698412698413
105.83655328798186
106.25451247165533
106.60281179138322
107.21814058956916
110.64308390022676
111.02621315192744
111.43256235827664
111.85052154195012
112.24526077097505
112.65160997732427
113.06956916099773
113.49913832199546
113.95192743764173
114.43954648526078
114.91555555555556
115.37995464852608
115.89079365079365
116.35519274376418
116.877641723356
117.3536507936508
117.79482993197279
118.25922902494331
118.73523809523809
119.2344671201814
127.73297052154194
128.10448979591837
128.48761904761903
128.89396825396827
129.3119274376417
129.74149659863946
130.21750566893425
130.6702947845805
131.1114739229025
131.52943310657596
131.98222222222222
132.50467120181406
132.91102040816327
133.340589569161
133.79337868480727
134.2809977324263
134.7802267573696
135.27945578231294
135.7322448979592
136.31274376417232
138.07746031746032
138.57668934240363
139.00625850340137
139.42421768707484
139.83056689342405
140.22530612244898
140.6548752834467
141.07283446712017
141.5140136054422
141.9784126984127
142.40798185941043
142.8956009070295
143.37160997732425
143.94049886621315
145.4614058956916
145.97224489795917
146.50630385487528
148.08526077097505
148.54965986394558
148.99083900226756
149.4552380952381
149.8964172335601
150.34920634920636
150.84843537414966
151.3708843537415
151.82367346938776
152.276462585034
152.76408163265307
153.26331065759638
153.83219954648527
156.72308390022675
157.14104308390023
157.60544217687075
158.01179138321996
158.44136054421767
158.87092970521542
159.30049886621316
159.73006802721088
160.1712471655329
160.62403628117914
161.19292517006804
161.86630385487527
162.30748299319728
162.87637188208618
163.4336507936508
165.01260770975057
165.4770068027211
165.98784580498867
166.46385487528346
166.9166439909297
167.4274829931973
167.9847619047619
169.91201814058957
170.36480725623582
170.9104761904762
171.4097052154195
171.9437641723356
172.44299319727892
172.94222222222223
173.37179138321994
173.83619047619047
174.3934693877551
174.86947845804988
175.31065759637187
175.7402267573696
176.14657596371882
176.55292517006802
177.02893424036282
177.5049433106576
178.02739229024942
178.52662131519276
179.00263038548752
179.52507936507936
180.12879818594104
182.5320634920635
183.00807256235828
183.46086167800453
184.02975056689343
185.89895691609976
186.34013605442178
186.8045351473923
187.28054421768707
187.8029931972789
188.25578231292516
188.65052154195013
189.08009070294784
189.54448979591837
190.12498866213153
194.31619047619049
194.75736961451247
195.21015873015872
195.7209977324263
196.17378684807255
196.6265759637188
197.04453514739228
197.46249433106576
197.8920634920635
198.34485260770975
198.8673015873016
199.44780045351473
200.9106575963719
201.4331065759637
201.89750566893423
202.3851247165533
202.8611337868481
203.33714285714285
203.87120181405896
204.4284807256236
206.5298866213152
206.95945578231292
207.38902494331066
207.8185941043084
208.2597732426304
208.70095238095237
209.22340136054422
209.71102040816328
210.24507936507936
210.75591836734694
211.3015873015873
211.9285260770975
212.4045351473923
212.92698412698414
213.4029931972789
213.96027210884353
214.4711111111111
214.90068027210884
215.3302494331066
215.7598185941043
216.22421768707483
216.804716553288
217.37360544217688
217.91927437641723
218.45333333333335
218.9990022675737
219.55628117913832
220.0903401360544
220.67083900226757
221.18167800453514
222.1104761904762
223.4920634920635
223.95646258503402
224.4673015873016
225.03619047619048
226.2552380952381
226.824126984127
227.31174603174603
227.77614512471655
228.21732426303853
228.65850340136055
229.09968253968253
229.6105215419501
230.13297052154195
230.70185941043084
231.22430839002268
231.7815873015873
232.32725623582766
232.89614512471655
233.46503401360545
233.9874829931973
234.53315192743764
235.10204081632654
235.6477097505669
236.17015873015873
236.72743764172336
237.23827664399093
237.8187755102041
238.3760544217687
238.89850340136056
239.46739229024942
241.87065759637187
242.3698866213152
242.89233560090702
243.3451247165533
243.79791383219955
244.21587301587303
244.66866213151928
245.23755102040818
245.80643990929704
247.524716553288
248.04716553287983
248.58122448979591
249.12689342403627
249.63773242630384
250.20662131519273
250.81034013605444
252.45895691609977
252.91174603174602
253.3645351473923
253.81732426303856
254.32816326530613
254.8390022675737
255.41950113378684
258.36843537414967
258.8560544217687
259.34367346938774
259.84290249433104
260.3421315192744
260.8645804988662
261.4334693877551
261.9791383219955
262.5248072562358
263.09369614512474
263.7090249433107
267.342947845805
267.8421768707483
268.3297959183673
268.8174149659864
269.3166439909297
269.80426303854875
270.3151020408163
270.8259410430839
271.3251700680272
271.80117913832197
272.30040816326533
272.7764172335601
273.2292063492063
273.6936054421769
274.1347845804989
274.61079365079365
275.1332426303855
275.70213151927436
276.29424036281176
277.2230385487528
277.7222675736962
278.3027664399093
278.87165532879817
279.4985941043084
280.04426303854876
280.5899319727891
281.158820861678
281.7160997732426
282.2269387755102
282.78421768707483
283.2602267573696
283.7362358276644
284.22385487528345
284.734693877551
285.31519274376416
286.4645804988662
287.0566893424036
287.6371882086168
290.35392290249433
290.84154195011337
291.38721088435375
291.8748299319728
292.38566893424036
292.8732879818594
293.3725170068027
293.87174603174606
294.3477551020408
294.8237641723356
295.34621315192743
295.91510204081635
296.518820861678
297.06448979591835
297.59854875283446
298.19065759637186
298.7827664399093
299.3748752834467
300.6635827664399
301.2092517006803
301.7317006802721
302.2889795918367
302.81142857142856
303.3454875283447
303.7982766439909
304.332335600907
304.88961451247167
305.40045351473924
305.99256235827664
306.5730612244898
307.25804988662134
307.83854875283447
308.62802721088434
309.39428571428573
309.9980045351474
310.61333333333334
311.11256235827665
311.6001814058957
312.0878004535147
312.61024943310656
313.1791383219955
313.74802721088435
314.31691609977327
314.88580498866213
315.454693877551
317.9392290249433
318.32235827664397
318.6938775510204
319.27437641723355
319.30920634920636
319.58784580498866
319.9825850340136
320.49342403628117
320.91138321995464
323.76743764172335
324.2318367346939
324.6846258503401
325.18385487528343
325.71791383219954
326.2751927437642
330.5128344671202
330.9772335600907
331.55773242630386
332.2078911564626
332.6374603174603
333.05541950113377
333.4849886621315
333.9377777777778
334.4021768707483
334.86657596371884
335.33097505668934
335.8069841269841
336.2946031746032
336.7473922902494
337.18857142857144
337.64136054421766
338.1173696145125
338.6049886621315
339.1158276643991
339.6034467120181
340.13750566893424
340.67156462585035
341.20562358276646
341.76290249433106
342.2389115646258
342.7497505668934
343.2954195011338
343.8643083900227
344.3867573696145
344.89759637188206
345.38521541950115
345.8612244897959
346.3140136054422
346.88290249433106
347.5446712018141
348.0903401360544
348.65922902494333
349.25133786848073
349.78539682539684
350.3078458049887
350.78385487528345
351.32952380952383
351.8519727891156
352.3395918367347
352.8504308390023
353.38448979591834
353.9301587301587
354.51065759637186
355.1259863945578
357.09968253968253
357.8311111111111
358.44643990929706
359.7467573696145
360.4665759637188
360.98902494331065
361.5114739229025
362.0571428571429
362.6144217687075
363.1949206349206
365.3195464852608
365.9000453514739
366.3992743764172
366.87528344671205
367.33968253968254
367.80408163265304
368.3149206349206
368.814149659864
369.3133786848073
369.8126077097506
370.63691609977326
371.26385487528347
371.8095238095238
372.3784126984127
372.92408163265304
373.40009070294786
373.8877097505669
374.45659863945576
375.1531972789116
375.791746031746
376.22131519274376
376.6857142857143
377.1965532879819
377.7538321995465
379.17024943310656
379.66947845804987
380.18031746031744
380.74920634920636
381.35292517006803
381.9102040816326
382.4674829931973
382.94349206349204
383.4543310657596
384.01160997732427
384.6385487528345
385.2190476190476
385.985306122449
386.53097505668933
387.088253968254
387.6339229024943
388.19120181405896
388.7484807256236
389.3173696145125
389.9326984126984
390.4319274376417
390.91954648526075
391.4419954648526
392.0108843537415
392.71909297052156
393.4853514739229
394.04263038548754
394.5302494331066
395.0178684807256
395.58675736961453
396.16725623582767
396.99156462585034
397.86231292517004
398.67501133786845
400.5790476190476
401.0434467120181
401.4962358276644
401.98385487528344
402.494693877551
403.0055328798186
403.52798185941043
404.02721088435374
404.5496598639456
405.10693877551023
405.6758276643991
406.55818594104306
406.9413151927438
407.28961451247164
407.6727437641723
408.0790929705215
408.5202721088435
408.99628117913835
409.4722902494331
409.9482993197279
410.4475283446712
410.9467573696145
411.4808163265306
412.03809523809525
414.2556009070295
414.76643990929705
415.2772789115646
415.85777777777776
419.0969614512472
419.5961904761905
420.07219954648525
420.5482086167801
421.0358276643991
421.5466666666667
422.0691156462585
422.5799546485261
423.1256235827664
423.60163265306124
424.1821315192744
425.3082993197279
425.81913832199547
426.32997732426304
426.8872562358277
427.386485260771
427.86249433106576
428.3036734693878
428.8029024943311
429.37179138321994
430.6604988662132
431.17133786848075
431.7053968253968
432.28589569161
432.80834467120184
433.30757369614514
433.80680272108845
434.317641723356
434.85170068027213
435.420589569161
436.0475283446712
436.5931972789116
437.1504761904762
437.7193650793651
438.29986394557824
438.75265306122446
439.1357823129252
439.5885714285714
440.0761904761905
440.5754195011338
441.06303854875284
441.65514739229025
442.24725623582765
443.4895238095238
443.9887528344671
444.5808616780045
445.1613605442177
447.7968253968254
448.2960544217687
448.76045351473925
449.2016326530612
449.67764172335603
450.2117006802721
450.780589569161
451.4075283446712
452.9168253968254
453.4160544217687
453.97333333333336
454.56544217687076
455.5058503401361
455.900589569161
456.26049886621314
456.6900680272109
457.16607709750565
457.97877551020406
458.327074829932
458.6637641723356
459.2326530612245
462.28607709750565
462.8085260770975
463.27292517006805
463.70249433106574
464.155283446712
464.58485260770976
465.0724716553288
465.64136054421766
467.45251700680274
467.8820861678005
468.3813151927438
468.85732426303855
469.39138321995466
469.90222222222224
470.4130612244898
470.9122902494331
471.4695691609977
472.0152380952381
472.53768707482993
473.07174603174604
473.52453514739227
474.0005442176871
474.4881632653061
474.97578231292516
475.5562811791383
476.3109297052154
476.9030385487528
477.34421768707483
477.83183673469387
478.33106575963717
478.81868480725626
479.34113378684805
479.87519274376416
480.3163718820862
480.8039909297052
481.36126984126986
481.8837188208617
482.32489795918366
482.8125170068027
483.36979591836734
484.27537414965985
484.77460317460316
485.28544217687073
485.8659410430839
486.7366893424036
487.2010884353742
487.66548752834467
488.21115646258505
488.6987755102041
489.20961451247166
489.6507936507937
490.0107029478458
490.44027210884354
490.9859410430839
493.2150566893424
493.84199546485263
494.42249433106576
494.93333333333334
495.4790022675737
496.0362811791383
496.61678004535145
498.6136961451247
499.066485260771
499.4960544217687
499.9720634920635
500.42485260770974
500.8544217687075
501.2956009070295
501.7483900226757
502.201179138322
502.6655782312925
503.1531972789116
503.5827664399093
504.0239455782313
504.53478458049887
505.0572335600907
505.6261224489796
506.1485714285714
506.6478004535147
507.17024943310656
507.6462585034014
508.18031746031744
508.7259863945578
509.2832653061225
509.85215419501134
512.5108390022676
512.9984580498866
513.5092970521542
514.031746031746
514.5774149659863
515.401723356009
515.8893424036281
516.4698412698413
517.1780498866214
518.9659863945578
519.4419954648527
519.9296145124716
520.3824036281179
520.8584126984127
521.3924716553288
521.8568707482993
522.332879818594
522.8088888888889
523.3081179138322
523.8886167800454
525.0960544217687
525.5256235827665
526.036462585034
526.5240816326531
527.0349206349206
527.5341496598639
528.021768707483
528.509387755102
529.0202267573696
529.5194557823129
530.0535147392291
530.5759637188208
531.0984126984127
531.5628117913832
532.0039909297052
532.4567800453515
532.921179138322
533.4436281179138
533.9428571428572
534.511746031746
537.0891609977324
538.4475283446712
538.9119274376417
539.3879365079365
539.8407256235828
540.3051247165533
540.8624036281179
541.9305215419502
542.4529705215419
542.9289795918368
543.4398185941043
543.9274376417234
544.4266666666666
544.9607256235828
545.4715646258503
545.9707936507937
546.5280725623583
547.0853514739229
547.6658503401361
548.2463492063492
548.768798185941
549.3260770975056
550.4754648526077
551.1604535147392
551.6132426303855
552.1008616780045
552.6117006802721
553.0993197278912
553.6333786848072
554.1906575963719
554.7479365079365
556.1063038548753
556.6403628117914
557.1628117913832
557.6272108843538
558.0916099773243
558.5792290249433
559.0204081632653
559.4964172335601
559.9840362811791
560.4716553287982
560.9824943310657
561.562993197279
562.6195011337868
563.5366893424036
564.0475283446712
564.5931972789116
565.0575963718821
565.5452154195011
566.0560544217687
566.5785034013605
567.0893424036282
567.5653514739229
568.0413605442177
568.5521995464852
569.0862585034014
569.7015873015873
570.2704761904762
571.4663038548753
571.9771428571429
572.3951020408164
572.9407709750567
573.4167800453515
573.7766893424036
574.3571882086168
574.4965079365079
577.5963718820861
578.0375510204082
578.513560090703
579.0243990929705
579.5236281179139
579.9996371882086
580.5336961451247
581.0677551020408
581.6366439909297
583.192380952381
583.7032199546485
584.1908390022676
584.6436281179139
584.9919274376417
585.4331065759637
585.9555555555555
586.4083446712018
586.9656235827664
587.7086621315193
588.2195011337868
588.7071201814059
589.1947392290249
589.6707482993197
590.1931972789116
590.7272562358277
593.0028117913832
593.4788208616781
593.9316099773242
594.4192290249433
594.8604081632653
595.2899773242631
595.7543764172335
596.2071655328798
596.7296145124717
597.2520634920635
597.7745124716554
598.3085714285714
598.8774603174603
600.1661678004535
600.6305668934241
601.3039455782313
602.4533333333334
602.9641723356009
603.4285714285714
603.9161904761904
604.4502494331066
604.8798185941043
605.355827664399
605.8434467120181
606.2730158730159
606.7490249433107
607.2366439909297
607.7242630385488
608.2118820861677
608.6995011337868
609.1755102040817
609.6747392290249
610.1855782312925
610.7080272108843
611.2885260770975
611.8225850340136
612.3450340136054
612.8674829931973
613.3899319727891
613.9239909297053
615.0269387755102
615.595827664399
616.211156462585
616.6871655328798
617.1980045351474
617.7320634920635
618.2080725623583
618.6608616780045
619.1136507936508
619.6825396825396
620.2165986394558
620.6809977324262
621.1570068027211
621.6214058956916
622.0625850340136
622.5269841269841
623.0726530612245
623.6299319727891
624.1872108843537
624.7212698412699
625.2785487528345
625.8242176870748
626.358276643991
626.8575056689342
627.3567346938776
627.8791836734694
628.4480725623582
629.0053514739229
629.5045804988662
630.0502494331066
630.421768707483
