19.60925170068027
20.24780045351474
20.82829931972789
21.083718820861677
21.083718820861677
21.69904761904762
34.51646258503401
35.2130612244898
35.53814058956916
35.53814058956916
36.08380952380952
36.281179138321995
36.281179138321995
36.85006802721088
37.1287074829932
37.1287074829932
37.767256235827666
38.0691156462585
39.19528344671202
39.52036281179139
39.82222222222222
40.24018140589569
40.936780045351476
41.528888888888886
43.35165532879819
43.769614512471655
44.106303854875286
44.43138321995465
44.93061224489796
44.93061224489796
45.49950113378685
45.49950113378685
46.04517006802721
46.04517006802721
46.53278911564626
46.53278911564626
46.91591836734694
48.15818594104309
48.50648526077097
48.83156462585034
49.33079365079365
50.36408163265306
51.66439909297052
52.01269841269841
52.39582766439909
52.465487528344674
52.465487528344674
52.98793650793651
52.98793650793651
53.25496598639456
53.777414965986395
54.00961451247166
54.50884353741497
54.50884353741497
54.75265306122449
55.51891156462585
55.51891156462585
56.06458049886621
62.05532879818594
62.70548752834467
62.70548752834467
64.04063492063491
64.37732426303855
67.96480725623583
68.48725623582766
70.24036281179139
70.24036281179139
70.70476190476191
70.70476190476191
71.41297052154195
73.93233560090702
74.46639455782314
74.46639455782314
75.16299319727891
75.16299319727891
75.6390022675737
75.94086167800454
75.94086167800454
76.21950113378685
82.57015873015872
85.00825396825397
85.00825396825397
85.50748299319729
85.50748299319729
86.00671201814059
86.00671201814059
86.63365079365079
86.63365079365079
87.04
87.04
87.60888888888888
87.60888888888888
88.03845804988661
88.03845804988661
88.68861678004535
88.75827664399092
89.1414058956916
89.53614512471655
89.90766439909297
90.85968253968254
90.85968253968254
91.34730158730159
91.34730158730159
92.07873015873015
92.14839002267574
92.14839002267574
92.61278911564627
92.96108843537415
93.14684807256236
93.14684807256236
93.78539682539683
93.99437641723355
94.01759637188209
98.45260770975057
98.76607709750567
99.25369614512472
99.50911564625851
99.7297052154195
99.93868480725624
99.93868480725624
100.4843537414966
100.4843537414966
100.83265306122449
101.76145124716554
101.76145124716554
102.16780045351474
102.94566893424036
103.58421768707483
103.95573696145125
104.86131519274376
109.08734693877551
110.52698412698413
110.87528344671202
112.48907029478458
113.25532879818594
113.25532879818594
113.84743764172336
113.84743764172336
113.84743764172336
114.31183673469388
114.5556462585034
114.5556462585034
114.90394557823129
115.44961451247165
115.64698412698412
117.19111111111111
117.71356009070294
117.71356009070294
118.10829931972789
118.74684807256236
118.80489795918368
120.26775510204082
130.9837641723356
130.9837641723356
131.58748299319728
131.58748299319728
131.91256235827663
132.15637188208618
132.63238095238094
132.63238095238094
133.17804988662132
133.3754195011338
133.57278911564626
133.57278911564626
133.94430839002268
134.36226757369616
134.9079365079365
136.40562358276645
136.4172335600907
137.0209523809524
137.27637188208618
137.798820861678
138.75083900226758
138.75083900226758
139.07591836734693
139.6564172335601
140.1904761904762
141.54884353741497
141.54884353741497
142.14095238095237
143.3251700680272
143.7082993197279
144.04498866213152
144.35845804988662
144.69514739229024
145.00861678004534
145.33369614512472
145.9025850340136
145.9025850340136
146.23927437641723
146.57596371882087
146.93587301587303
147.27256235827664
147.6324716553288
148.1084807256236
150.0821768707483
150.40725623582767
151.59147392290248
151.59147392290248
151.91655328798186
152.24163265306123
152.58993197278912
153.14721088435374
153.22848072562357
153.56517006802721
153.87863945578232
154.23854875283448
154.55201814058958
154.90031746031747
155.27183673469386
155.68979591836734
156.22385487528345
157.51256235827665
158.03501133786847
159.05668934240362
159.40498866213153
159.75328798185942
160.27573696145126
161.56444444444443
162.1449433106576
163.3407709750567
163.82839002267573
165.11709750566894
165.5002267573696
165.8833560090703
166.4522448979592
167.32299319727892
167.7409523809524
168.1705215419501
168.5768707482993
169.0528798185941
169.48244897959182
169.9352380952381
170.4692970521542
170.89886621315193
171.3748752834467
171.87410430839003
172.30367346938775
172.74485260770976
173.31374149659865
174.28897959183672
174.71854875283447
175.2758276643991
175.86793650793652
176.36716553287982
176.83156462585035
177.36562358276643
177.79519274376418
178.2595918367347
178.73560090702946
179.2
179.641179138322
180.09396825396826
180.53514739229024
181.04598639455781
181.48716553287983
181.97478458049886
182.46240362811793
182.95002267573696
183.44925170068026
183.92526077097506
184.43609977324263
184.93532879818594
185.422947845805
185.95700680272108
186.43301587301588
186.97868480725623
187.51274376417234
188.04680272108843
188.54603174603176
189.06848072562357
189.61414965986395
190.11337868480726
190.6009977324263
191.05378684807258
191.51818594104307
191.95936507936509
192.40054421768707
192.9229931972789
193.42222222222222
193.90984126984128
194.42068027210885
194.9663492063492
195.47718820861678
195.99963718820862
196.56852607709752
197.0793650793651
197.59020408163266
198.15909297052156
199.1807709750567
199.7728798185941
200.3069387755102
200.80616780045352
201.35183673469388
204.28916099773244
204.8580498866213
208.03918367346938
208.45714285714286
208.86349206349206
209.37433106575963
209.8851700680272
210.361179138322
210.84879818594104
211.27836734693878
211.73115646258503
212.2419954648526
214.56399092970523
215.12126984126985
215.56244897959184
216.20099773242632
217.81478458049887
218.2443537414966
219.1847619047619
219.57950113378683
220.17160997732427
220.70566893424035
224.7459410430839
224.7459410430839
225.29160997732427
225.29160997732427
225.51219954648525
226.08108843537414
226.30167800453515
226.8473469387755
226.8473469387755
227.17242630385488
227.57877551020408
227.92707482993197
228.46113378684808
228.87909297052155
229.26222222222222
230.19102040816327
230.92244897959185
231.32879818594105
231.723537414966
232.11827664399092
232.48979591836735
233.00063492063492
233.00063492063492
233.47664399092972
233.72045351473923
234.34739229024945
234.74213151927438
235.83346938775512
236.44879818594103
236.44879818594103
237.0873469387755
238.07419501133788
238.61986394557823
239.14231292517007
239.14231292517007
239.43256235827664
239.98984126984126
240.52390022675738
241.95192743764173
242.20734693877552
243.77469387755102
244.436462585034
244.88925170068026
245.8180498866213
246.22439909297051
246.642358276644
247.03709750566892
247.40861678004535
247.8614058956916
248.407074829932
248.407074829932
248.97596371882085
248.97596371882085
249.47519274376418
250.00925170068027
250.6245804988662
250.6245804988662
257.52090702947845
258.69351473922904
258.69351473922904
259.01859410430836
259.52943310657594
260.0518820861678
260.42340136054423
260.852970521542
261.3173696145125
261.6772789115646
262.1648979591837
262.5944671201814
262.89632653061227
264.0689342403628
265.7407709750567
266.1587301587302
269.85070294784583
270.4079818594104
271.71990929705214
272.3584580498866
272.8576870748299
273.26403628117913
273.7168253968254
274.26249433106574
274.26249433106574
274.75011337868483
274.75011337868483
275.24934240362813
275.24934240362813
275.6673015873016
275.6673015873016
276.18975056689345
276.18975056689345
276.7702494331066
276.8050793650794
276.8050793650794
277.31591836734697
277.87319727891156
277.87319727891156
278.1402267573696
278.65106575963716
278.65106575963716
279.2663945578231
279.3128344671202
280.82213151927436
284.1193650793651
284.3399546485261
284.3399546485261
284.7463038548753
284.7463038548753
285.0597732426304
285.4312925170068
285.7099319727891
286.9754195011338
287.04507936507935
287.79972789115646
288.62403628117914
288.62403628117914
289.03038548752835
289.57605442176873
289.57605442176873
290.15655328798186
291.01569160997735
291.01569160997735
291.44526077097504
292.1418594104308
292.4437188208617
292.942947845805
292.942947845805
294.0110657596372
294.0110657596372
294.6612244897959
294.80054421768705
294.80054421768705
295.2997732426304
295.2997732426304
295.810612244898
295.810612244898
296.47238095238095
296.9948299319728
296.9948299319728
297.33151927437643
297.64498866213154
298.3067573696145
300.756462585034
301.3253514739229
301.81297052154196
302.4863492063492
303.0668480725624
303.1132879818594
303.1132879818594
303.7402267573696
304.3439455782313
305.38884353741497
305.55138321995463
306.12027210884355
306.6311111111111
309.10403628117916
309.10403628117916
309.51038548752837
309.8354648526077
309.9631746031746
310.3695238095238
310.3695238095238
310.9035827664399
311.2286621315193
311.2518820861678
311.64662131519276
311.9368707482993
312.71473922902493
312.71473922902493
313.2720181405896
314.3865759637188
314.7348752834467
315.1644444444444
321.457052154195
321.7356916099773
322.25814058956917
322.9082993197279
323.4075283446712
324.5685260770975
325.11419501133787
325.11419501133787
325.4624943310658
325.9268934240363
325.9268934240363
326.71637188208615
326.71637188208615
327.1459410430839
327.1459410430839
327.62195011337866
327.62195011337866
328.0863492063492
328.0863492063492
328.57396825396825
328.57396825396825
329.0964172335601
329.3750566893424
329.3750566893424
329.8510657596372
330.1761451247165
330.1761451247165
330.59410430839
331.15138321995465
331.99891156462587
332.6142403628118
333.00897959183675
336.6196825396825
337.96643990929704
340.7412244897959
341.48426303854876
341.48426303854876
341.48426303854876
341.76290249433106
342.0995918367347
342.44789115646256
342.76136054421767
343.21414965986395
343.21414965986395
343.8294784580499
343.8294784580499
343.8294784580499
344.2242176870748
344.2242176870748
344.57251700680274
344.85115646258504
345.19945578231295
345.61741496598637
346.2443537414966
346.3372335600907
346.7203628117914
347.0918820861678
347.4053514739229
347.8117006802721
348.2528798185941
348.65922902494333
349.1004081632653
349.4487074829932
349.8550566893424
350.23818594104307
350.6097052154195
351.01605442176873
351.42240362811793
351.87519274376416
352.28154195011336
352.7459410430839
353.28
353.69795918367345
354.1159183673469
354.5222675736961
354.9402267573696
355.40462585034015
355.8225850340136
356.2521541950113
356.72816326530614
357.1577324263039
357.58730158730157
358.0284807256236
358.53931972789115
358.95727891156463
359.4332879818594
359.9789569160998
361.24444444444447
361.6507936507937
362.02231292517007
362.40544217687074
362.80018140589567
363.1833106575964
363.5548299319728
363.8682993197279
364.29786848072564
368.3265306122449
368.7212698412698
369.18566893424037
369.56879818594103
369.97514739229024
370.4395464852608
370.85750566893427
371.2174149659864
371.6585941043084
372.11138321995463
372.51773242630384
372.9705215419501
373.539410430839
374.08507936507937
374.65396825396823
385.05650793650796
385.39319727891154
385.9040362811791
388.3073015873016
388.72526077097507
389.12
389.57278911564623
390.01396825396824
390.42031746031745
390.8382766439909
391.23301587301586
391.6277551020408
392.05732426303854
392.46367346938774
392.8932426303855
393.3924716553288
393.8452607709751
396.2833560090703
396.6897052154195
397.14249433106573
397.5024036281179
398.1641723356009
398.1641723356009
398.61696145124716
398.61696145124716
399.11619047619047
399.6386394557823
399.97532879818596
400.88090702947846
400.88090702947846
401.51945578231295
401.76326530612243
401.76326530612243
402.48308390022675
403.82984126984127
406.9877551020408
407.3708843537415
411.3298866213152
411.77106575963717
412.026485260771
412.026485260771
412.5837641723356
412.5837641723356
413.14104308390023
413.3035827664399
413.3035827664399
413.617052154195
414.72
414.8477097505669
415.7765079365079
415.7765079365079
416.31056689342404
416.31056689342404
416.7633560090703
416.99555555555554
416.99555555555554
417.3902947845805
417.3902947845805
417.9591836734694
417.9591836734694
418.56290249433107
418.56290249433107
419.0040816326531
419.0040816326531
419.2130612244898
419.51492063492066
419.9909297052154
419.9909297052154
420.8500680272109
420.8500680272109
421.29124716553287
421.65115646258505
421.65115646258505
422.2548752834467
422.2548752834467
422.87020408163266
422.87020408163266
423.3113832199546
423.3113832199546
423.65968253968254
424.00798185941045
424.73941043083903
425.15736961451245
425.15736961451245
425.5753287981859
425.5753287981859
426.2487074829932
426.3067573696145
428.36172335600907
428.36172335600907
428.86095238095237
428.86095238095237
429.40662131519275
429.40662131519275
430.13804988662133
430.78820861678
430.8926984126984
432.54131519274375
433.2030839002268
433.2030839002268
438.00961451247167
438.4159637188209
438.7874829931973
439.26349206349204
439.70467120181405
440.11102040816326
440.5870294784581
441.0049886621315
441.3997278911565
441.8292970521542
442.34013605442175
442.74648526077095
443.18766439909297
443.55918367346936
443.97714285714284
444.3718820861678
444.8362811791383
445.46321995464854
446.3455782312925
446.74031746031744
447.1350566893424
447.5762358276644
448.00580498866213
448.4237641723356
448.87655328798184
449.31773242630385
449.81696145124715
450.25814058956917
450.6993197278912
451.1521088435374
451.61650793650796
452.104126984127
452.53369614512474
452.98648526077096
453.40444444444444
453.7643537414966
454.1707029478458
454.66993197278913
455.0995011337869
455.5522902494331
455.88897959183674
456.26049886621314
456.53913832199544
456.88743764172335
457.444716553288
458.43156462585034
458.89596371882084
458.89596371882084
459.4416326530612
459.9408616780045
460.05696145124716
460.56780045351474
460.69551020408164
461.1715192743764
461.1715192743764
461.6126984126984
462.0770975056689
462.0770975056689
462.390566893424
462.390566893424
462.8085260770975
462.8085260770975
463.3425850340136
463.3425850340136
463.8534240362812
463.8534240362812
464.4455328798186
464.58485260770976
465.1653514739229
465.90839002267575
466.31473922902495
466.7326984126984
467.2087074829932
467.76598639455784
468.40453514739227
468.9618140589569
468.9618140589569
469.4378231292517
469.90222222222224
470.36662131519273
470.819410430839
471.2257596371882
471.701768707483
472.1313378684807
472.6073469387755
473.07174603174604
473.7683446712018
474.3372335600907
474.3372335600907
474.8248526077098
474.8248526077098
475.38213151927437
475.38213151927437
475.8117006802721
476.4038095238095
476.56634920634923
477.1236281179138
477.2281179138322
477.78539682539684
477.78539682539684
478.36589569161
478.65614512471655
478.74902494331064
480.64145124716555
481.0245804988662
482.4409977324263
484.18249433106575
484.60045351473923
485.08807256235826
485.50603174603174
485.9820408163265
486.44643990929706
486.79473922902497
487.1430385487528
487.57260770975057
488.14149659863943
488.2227664399093
488.58267573696145
489.1399546485261
489.62757369614513
490.150022675737
491.39229024943313
491.84507936507936
492.19337868480727
492.6461678004535
492.6461678004535
493.1453968253968
493.1453968253968
493.73750566893426
493.7839455782313
494.23673469387757
494.80562358276643
494.8636734693878
495.43256235827664
495.5486621315193
496.11755102040814
496.11755102040814
496.68643990929706
496.7212698412698
496.7212698412698
497.2088888888889
497.2088888888889
497.522358276644
498.0796371882086
499.78630385487526
499.8443537414966
499.8443537414966
500.36680272108845
501.2607709750567
501.27238095238096
501.89931972789117
502.3056689342404
502.7004081632653
503.06031746031744
503.4898866213152
503.8033560090703
504.2909750566893
504.2909750566893
504.81342403628116
504.81342403628116
505.23138321995464
505.57968253968255
505.777052154195
506.57814058956916
509.02784580498866
509.0394557823129
509.0394557823129
509.5038548752834
509.5038548752834
509.94503401360544
509.94503401360544
510.4210430839002
510.4210430839002
510.9086621315193
510.9086621315193
511.2685714285714
511.61687074829933
511.98839002267573
512.4643990929706
512.8126984126984
513.2074376417233
513.590566893424
513.9969160997732
514.3800453514739
514.7863945578231
515.2507936507936
515.7848526077097
516.2028117913832
516.6672108843537
517.2477097505669
518.4203174603175
523.6680272108844
523.6680272108844
523.6680272108844
524.2020861678004
524.2020861678004
524.8174149659864
524.8174149659864
524.8174149659864
525.2585941043084
525.2585941043084
525.7462131519275
526.0712925170068
526.3731519274377
527.0929705215419
532.4103401360544
532.5496598639455
532.5496598639455
533.1185487528345
533.1185487528345
533.6642176870748
533.6642176870748
534.2098866213151
534.2098866213151
534.2098866213151
534.5930158730159
534.5930158730159
535.219954648526
535.219954648526
543.1727891156463
543.1727891156463
543.6139682539682
543.9042176870748
543.9042176870748
544.2873469387755
544.705306122449
545.0652154195011
545.4947845804988
546.0868934240362
547.84
548.1999092970522
548.6062585034014
549.0126077097506
549.5118367346939
552.077641723356
552.7858503401361
552.7858503401361
553.1225396825397
553.6565986394558
554.1326077097506
554.6318367346939
554.945306122449
554.9569160997733
555.4329251700681
555.4329251700681
555.8857142857142
555.8857142857142
556.3385034013605
556.3385034013605
556.8377324263039
556.8377324263039
557.3485714285714
557.3485714285714
557.812970521542
557.812970521542
558.2657596371882
558.2657596371882
558.7185487528345
558.7185487528345
559.2061678004535
559.2061678004535
559.8795464852608
559.9492063492063
561.2030839002267
561.7255328798186
561.9112925170068
562.3640816326531
562.712380952381
562.8517006802721
563.3277097505669
563.3277097505669
572.557641723356
572.557641723356
572.9175510204082
572.9175510204082
573.3587301587302
573.3587301587302
573.7766893424036
574.2526984126985
574.2526984126985
574.7403174603174
574.7403174603174
575.2743764172336
575.2743764172336
575.4949659863945
575.4949659863945
575.9361451247165
575.9361451247165
576.3773242630385
576.3773242630385
576.9578231292517
576.9578231292517
577.5383219954648
578.1304308390023
578.513560090703
578.9663492063492
579.5352380952381
580.2202267573696
580.2202267573696
580.8007256235828
580.8007256235828
581.2302947845805
581.2302947845805
581.7179138321995
581.7179138321995
582.3680725623583
582.3680725623583
582.3680725623583
582.8324716553288
582.8324716553288
583.3317006802721
583.3317006802721
583.7612698412698
583.7612698412698
584.4694784580499
584.4694784580499
585.0964172335601
585.0964172335601
585.6885260770975
585.6885260770975
586.373514739229
587.871201814059
588.1498412698413
588.1498412698413
588.579410430839
588.579410430839
589.241179138322
589.2760090702948
589.2760090702948
589.8332879818594
589.8332879818594
590.2976870748299
590.2976870748299
590.8897959183673
591.0175056689343
591.0291156462584
591.6328344671202
593.92
593.92
594.1754195011338
594.6978684807257
594.6978684807257
595.1158276643991
595.6498866213152
597.1591836734694
597.1591836734694
597.4726530612245
598.4014512471655
598.4711111111111
599.9339682539683
599.9339682539683
600.584126984127
601.3968253968254
601.7219047619047
602.0469841269842
602.395283446712
602.7319727891156
603.0338321995465
603.3356916099773
603.8465306122449
603.8465306122449
604.3109297052155
604.3109297052155
604.7521088435374
605.1352380952382
605.5648072562358
605.9595464852607
606.3891156462585
606.9580045351474
607.956462585034
608.3628117913833
608.3628117913833
608.7807709750567
609.105850340136
609.5354195011338
609.941768707483
610.3713378684807
610.8009070294785
611.218866213152
611.6368253968254
612.1012244897959
612.5307936507936
612.9371428571428
613.343492063492
613.738231292517
614.0633106575964
614.4
614.8643990929705
614.8643990929705
615.5261678004535
615.5261678004535
616.3969160997732
616.4433560090703
617.1399546485261
617.1399546485261
617.1399546485261
617.3953741496599
617.7668934240363
617.7668934240363
618.3590022675737
618.3590022675737
618.81179138322
619.1136507936508
619.125260770975
619.345850340136
619.9379591836735
619.9379591836735
620.4371882086168
621.238276643991
621.238276643991
621.5981859410431
622.1902947845805
622.5502040816326
623.0146031746032
623.362902494331
623.8389115646258
624.5355102040817
624.5355102040817
624.5355102040817
625.0579591836735
625.0579591836735
625.6384580498866
625.6384580498866
