5.6540589569161
6.339047619047619
6.339047619047619
6.745396825396825
8.719092970521542
8.997732426303855
9.334421768707482
9.868480725623582
10.170340136054422
10.646349206349207
11.110748299319727
11.133968253968254
11.633197278911565
12.271746031746032
13.038004535147392
13.699773242630386
14.303492063492063
14.338321995464852
14.872380952380952
14.872380952380952
15.36
15.592199546485261
15.917278911564626
15.940498866213153
16.253968253968253
16.834467120181404
16.834467120181404
17.333696145124716
18.297324263038547
18.332154195011338
18.703673469387756
19.051972789115645
19.82984126984127
20.06204081632653
20.909569160997734
21.873197278911565
21.942857142857143
27.562086167800455
28.08453514739229
30.429750566893425
30.928979591836736
31.672018140589568
33.877913832199546
34.307482993197276
34.7718820861678
37.54666666666667
38.05750566893424
40.15891156462585
40.62331065759637
41.586938775510205
42.15582766439909
44.81451247165533
45.39501133786848
45.39501133786848
45.847800453514736
46.19609977324263
46.73015873015873
47.217777777777776
47.77505668934241
48.49487528344671
49.946122448979594
54.79909297052154
55.263492063492066
55.72789115646258
56.23873015873016
56.65668934240363
57.272018140589566
57.272018140589566
57.96861678004535
58.433015873015876
58.93224489795919
59.44308390022676
61.68380952380952
62.0669387755102
62.62421768707483
64.59791383219955
64.98104308390023
65.43383219954649
66.72253968253968
67.221768707483
69.09097505668935
69.61342403628117
70.55383219954649
71.12272108843537
74.38512471655329
74.87274376417234
75.40680272108844
78.07709750566893
78.47183673469388
78.90140589569161
79.45868480725623
82.00126984126985
82.361179138322
82.77913832199546
83.3015873015873
83.95174603174603
86.598820861678
86.98195011337869
87.51600907029479
88.1081179138322
88.65378684807256
90.25596371882087
90.79002267573696
91.73043083900227
92.42702947845805
92.70566893424036
93.06557823129252
93.39065759637188
93.70412698412699
94.04081632653062
94.41233560090703
95.0160544217687
95.02766439909297
95.3295238095238
95.75909297052154
96.02612244897959
97.03619047619047
97.36126984126984
97.8140589569161
98.38294784580499
101.48281179138321
102.5277097505669
103.07337868480725
103.07337868480725
103.58421768707483
104.0021768707483
104.4433560090703
105.04707482993197
105.04707482993197
105.59274376417234
105.89460317460318
105.97587301587302
106.4518820861678
106.75374149659864
106.75374149659864
107.16009070294784
107.71736961451248
108.43718820861677
108.82031746031745
117.49297052154195
117.77160997732426
118.3869387755102
118.43337868480725
119.15319727891156
119.90784580498867
120.55800453514739
120.60444444444444
120.94113378684807
121.30104308390023
121.76544217687075
122.24145124716553
122.58975056689343
123.17024943310658
123.71591836734694
123.99455782312926
124.34285714285714
125.05106575963718
127.31501133786848
127.45433106575963
128.61532879818594
129.2538775510204
129.89242630385488
130.14784580498866
130.5193650793651
130.96054421768707
131.54104308390023
132.0867120181406
132.85297052154195
133.5263492063492
133.95591836734692
134.5364172335601
136.78875283446712
137.33442176870747
137.33442176870747
137.58984126984126
138.12390022675737
138.65795918367348
140.84063492063493
140.84063492063493
141.36308390022677
141.36308390022677
141.78104308390022
142.3499319727891
144.34684807256235
144.57904761904763
144.7415873015873
145.57750566893424
147.64408163265307
148.17814058956915
149.1765986394558
151.98621315192744
152.3112925170068
152.7524716553288
155.28344671201813
155.82911564625851
157.25714285714287
157.79120181405895
158.30204081632652
158.73160997732427
159.23083900226757
159.8809977324263
160.4498866213152
162.6441723356009
163.07374149659864
163.49170068027212
163.95609977324264
164.98938775510203
165.384126984127
165.9530158730159
168.34467120181407
168.739410430839
169.15736961451248
169.59854875283446
170.03972789115647
170.49251700680273
170.9336961451247
171.3748752834467
171.8508843537415
172.32689342403629
172.84934240362813
173.33696145124716
173.83619047619047
174.3586394557823
174.88108843537415
175.403537414966
175.96081632653062
176.50648526077097
177.02893424036282
177.5978231292517
180.10557823129253
180.8718367346939
181.49877551020407
181.53360544217688
182.11410430839
182.1837641723356
182.52045351473922
183.00807256235828
186.1775963718821
187.44308390022675
187.44308390022675
187.91909297052155
188.92916099773242
188.92916099773242
189.26585034013604
189.69541950113378
189.96244897959184
195.08244897959185
195.48879818594105
195.99963718820862
196.52208616780047
197.0793650793651
198.90213151927438
199.26204081632653
199.6219501133787
200.09795918367348
200.49269841269842
200.8177777777778
201.2473469387755
201.94394557823128
202.36190476190475
202.90757369614514
202.90757369614514
203.2210430839002
203.72027210884355
205.4269387755102
207.6908843537415
210.57015873015874
210.90684807256235
211.28997732426305
211.7659863945578
212.2419954648526
212.78766439909296
214.32018140589568
214.73814058956916
215.17931972789117
215.69015873015874
216.13133786848073
216.56090702947847
217.02530612244897
217.57097505668935
218.26757369614512
221.50675736961452
221.924716553288
222.3542857142857
222.80707482993196
223.37596371882086
225.00136054421768
225.5354195011338
226.10430839002268
226.62675736961452
227.11437641723356
227.6368253968254
228.21732426303853
229.297052154195
229.7730612244898
230.2722902494331
230.85278911564626
232.58267573696145
235.43873015873015
236.10049886621314
237.30793650793652
237.9348752834467
238.4689342403628
239.65315192743765
240.39619047619047
241.09278911564627
241.77777777777777
242.9968253968254
243.37995464852608
243.8095238095238
245.0053514739229
245.3884807256236
246.01541950113378
246.1082993197279
246.59591836734694
247.24607709750566
250.14857142857142
250.68263038548753
257.0100680272109
257.6253968253968
258.27555555555557
258.27555555555557
258.64707482993197
259.2159637188209
259.2159637188209
259.83129251700683
260.1215419501134
260.79492063492063
261.6772789115646
261.7121088435374
262.8498866213152
262.8498866213152
268.1904761904762
268.5619954648526
271.3367800453515
271.80117913832197
272.0798185941043
272.0798185941043
272.43972789115645
272.904126984127
273.4614058956916
273.65877551020407
274.935873015873
276.0968707482993
279.347664399093
279.88172335600905
281.01950113378683
281.01950113378683
281.820589569161
282.2501587301587
282.9351473922903
283.2021768707483
283.2021768707483
283.91038548752834
283.91038548752834
284.51410430839
284.51410430839
285.1990929705215
285.84925170068027
286.31365079365077
286.7432199546485
287.85777777777776
288.5427664399093
288.9607256235828
289.2974149659864
289.8198639455782
290.4235827664399
295.42748299319726
302.99718820861676
306.67755102040815
307.71083900226756
307.97786848072565
308.61641723356007
308.61641723356007
308.9531065759637
310.47401360544217
310.950022675737
312.1922902494331
312.65668934240364
313.4113378684807
315.29215419501134
315.7449433106576
316.3138321995465
318.9725170068027
319.9245351473923
319.95936507936506
320.5166439909297
321.0274829931973
321.77052154195013
322.03755102040816
322.58321995464854
322.98956916099775
323.32625850340133
323.6977777777778
324.30149659863946
324.62657596371884
333.7984580498866
334.78530612244896
334.78530612244896
335.0871655328798
335.42385487528344
335.7257142857143
336.3178231292517
336.42231292517005
336.7473922902494
337.1305215419501
337.81551020408165
338.62820861678006
339.464126984127
340.0678458049887
340.63673469387754
342.16925170068026
342.58721088435374
343.1328798185941
343.24897959183676
343.74820861678006
346.41850340136057
349.83183673469387
352.0841723356009
353.87210884353743
355.0679365079365
355.42784580498864
355.973514739229
356.6933333333333
357.19256235827663
357.9007709750567
358.58575963718823
362.1384126984127
362.5563718820862
363.12526077097505
364.7274376417234
366.0393650793651
366.4689342403628
367.02621315192744
367.5486621315193
368.1059410430839
368.50068027210887
369.34820861678
372.9821315192744
373.50458049886623
373.89931972789117
374.46820861678003
378.48526077097506
378.54331065759635
379.03092970521544
379.5649886621315
379.9132879818594
380.2383673469388
382.53714285714284
383.02476190476193
383.6517006802721
384.20897959183674
384.8243083900227
385.68344671201817
387.2043537414966
390.17650793650796
390.67573696145126
391.18657596371884
391.50004535147394
391.50004535147394
392.12698412698415
392.1734240362812
392.55655328798184
393.12544217687076
393.18349206349205
393.50857142857143
394.00780045351473
394.27482993197276
394.7043990929705
395.2500680272109
395.57514739229026
395.58675736961453
396.1904761904762
396.99156462585034
398.25705215419504
398.7678911564626
401.10149659863947
401.3685260770975
402.6224036281179
402.73850340136056
405.31591836734697
405.849977324263
405.849977324263
406.3608163265306
406.55818594104306
407.13868480725625
407.8004535147392
408.36934240362814
408.36934240362814
408.7989115646258
409.40263038548756
409.4374603174603
409.83219954648524
410.58684807256236
411.2137868480726
411.68979591836734
412.4212244897959
412.734693877551
413.09460317460315
413.5938321995465
414.03501133786847
414.54585034013604
414.8825396825397
415.45142857142855
416.1480272108844
416.7865759637188
416.92589569161
417.49478458049884
421.67437641723353
422.3245351473923
422.4058049886621
424.91356009070296
425.23863945578233
425.91201814058957
425.95845804988664
426.3996371882086
427.0614058956916
427.0962358276644
427.5025850340136
427.92054421768705
428.72163265306125
428.756462585034
429.1047619047619
429.6156009070295
430.0683900226757
430.90430839002266
431.4383673469388
433.2959637188209
433.77197278911564
434.3292517006803
434.39891156462585
435.15356009070297
435.43219954648526
435.85015873015874
436.25650793650794
436.75573696145125
437.28979591836736
437.70775510204084
438.20698412698414
441.91056689342406
441.9570068027211
442.51428571428573
442.74648526077095
445.0684807256236
445.1265306122449
447.59945578231293
448.2380045351474
448.2380045351474
448.9926530612245
449.236462585034
449.85179138321996
451.73260770975054
452.2782766439909
453.6018140589569
453.6018140589569
454.62349206349205
455.06467120181406
457.3518367346939
458.77986394557826
458.77986394557826
459.2674829931973
460.18467120181407
461.38049886621314
461.87972789115645
462.42539682539683
464.89832199546487
465.6181405895692
466.22185941043085
466.7675283446712
471.24897959183676
474.60426303854877
475.057052154195
475.6375510204082
477.4951473922903
477.9827664399093
478.50521541950116
479.06249433106575
479.73587301587304
480.29315192743763
480.86204081632656
481.3148299319728
482.54548752834467
483.27691609977325
484.49596371882086
484.8442630385488
485.47120181405893
486.00526077097504
486.4232199546485
486.8295691609977
487.3752380952381
487.99056689342405
488.5362358276644
489.12834467120183
492.5068480725624
493.0873469387755
493.6214058956916
494.15546485260774
494.64308390022677
495.15392290249434
495.7344217687075
496.3613605442177
496.8257596371882
497.34820861678
497.7661678004535
498.2770068027211
498.8110657596372
499.28707482993195
499.8559637188209
500.42485260770974
500.99374149659866
501.58585034013606
505.9744217687075
506.45043083900225
506.9728798185941
507.46049886621313
507.9481179138322
508.4473469387755
508.9581859410431
