0.9404081632653061
5.38702947845805
5.944308390022676
6.443537414965986
6.710566893424036
7.1401360544217685
7.1401360544217685
7.360725623582766
7.558095238095238
7.767074829931973
8.25469387755102
8.55655328798186
8.858412698412698
10.7740589569161
12.550385487528345
14.733061224489797
15.185850340136055
16.77641723356009
17.159546485260773
17.484625850340137
18.773333333333333
68.31310657596372
68.37115646258503
69.03292517006803
72.46947845804989
74.60571428571428
74.8843537414966
75.3255328798186
82.29151927437641
85.98349206349206
86.76136054421768
89.81478458049887
92.05551020408163
94.08725623582767
95.75909297052154
96.32798185941043
96.61823129251701
97.28
97.29160997732426
97.61668934240363
98.2204081632653
98.2204081632653
98.6964172335601
99.07954648526078
106.2312925170068
106.88145124716553
106.8930612244898
107.16009070294784
107.67092970521541
107.67092970521541
107.93795918367347
108.53006802721089
108.58811791383219
108.91319727891157
109.20344671201813
109.80716553287982
115.29868480725624
115.83274376417233
115.83274376417233
116.19265306122449
116.62222222222222
117.0053514739229
117.51619047619047
118.52625850340137
120.7785941043084
121.03401360544218
121.3126530612245
121.67256235827665
122.13696145124716
122.76390022675737
123.4140589569161
124.23836734693877
126.03791383219955
126.33977324263039
126.98993197278912
129.12616780045352
129.48607709750567
129.81115646258505
130.24072562358276
130.75156462585034
131.1695238095238
133.20126984126983
133.45668934240362
133.67727891156463
134.2809977324263
135.2562358276644
135.85995464852607
136.81197278911566
141.2585941043084
142.12934240362813
147.01714285714286
147.62086167800453
149.90802721088434
150.5581859410431
151.17351473922903
151.8120634920635
152.04426303854876
152.52027210884353
153.12399092970523
153.2865306122449
154.45913832199545
168.12408163265306
168.54204081632653
168.94839002267574
169.6449886621315
170.5273469387755
171.34004535147392
172.5474829931973
184.99337868480725
185.63192743764174
185.72480725623583
186.1079365079365
186.7697052154195
187.44308390022675
187.90748299319728
188.2093424036281
189.28907029478458
189.71863945578232
189.98566893424035
190.4152380952381
191.01895691609977
191.30920634920636
191.34403628117914
192.3889342403628
193.1784126984127
194.0259410430839
194.38585034013605
194.94312925170067
195.5584580498866
195.89514739229026
196.32471655328797
196.97487528344672
197.90367346938777
198.9834013605442
199.32009070294785
199.78448979591838
200.03990929705216
200.56235827664398
201.5608163265306
205.18312925170068
205.461768707483
205.84489795918367
206.2744671201814
206.76208616780045
207.22648526077097
207.70249433106576
210.33795918367346
210.361179138322
210.74430839002267
211.12743764172336
212.4974149659864
213.25206349206348
213.55392290249432
214.02993197278911
214.36662131519273
215.0051700680272
215.96879818594104
216.72344671201813
217.18784580498865
218.15147392290248
218.79002267573696
224.7807709750567
225.32643990929705
225.32643990929705
225.9069387755102
226.08108843537414
226.4409977324263
227.0098866213152
227.04471655328797
227.8574149659864
228.25215419501134
228.6120634920635
229.32027210884354
229.8659410430839
232.2227664399093
234.02231292517007
234.3590022675737
234.95111111111112
237.59818594104308
238.5037641723356
238.58503401360545
238.9449433106576
239.36290249433105
239.89696145124717
240.61678004535148
241.03473922902495
241.60362811791384
242.25378684807256
242.32344671201815
248.75537414965987
261.5843990929705
261.60761904761904
262.0371882086168
262.60607709750565
262.60607709750565
263.0240362811791
263.83673469387753
267.72607709750565
268.17886621315193
268.5155555555556
268.8290249433107
269.36308390022674
269.94358276643993
272.56743764172336
273.1827664399093
273.4962358276644
273.4962358276644
273.8097052154195
274.2160544217687
274.57596371882084
277.81514739229027
279.95138321995466
280.1603628117914
280.6131519274376
281.01950113378683
281.379410430839
281.7160997732426
282.261768707483
282.6681179138322
283.2137868480726
283.78267573696144
285.1990929705215
285.72154195011336
289.3902947845805
291.63102040816324
292.2231292517007
292.501768707483
293.55827664399095
293.604716553288
293.9994557823129
294.42902494331065
295.55519274376417
296.69297052154195
302.71854875283447
303.54285714285714
304.111746031746
312.807619047619
313.6319274376417
314.06149659863945
315.37342403628116
315.8029931972789
316.45315192743766
316.9756009070295
318.18303854875285
318.7519274376417
321.86340136054423
322.17687074829934
322.6064399092971
325.97333333333336
326.31002267573695
326.6351020408163
328.70167800453515
331.7318820861678
331.77832199546486
332.0801814058957
332.2311111111111
332.69551020408164
333.1250793650794
333.69396825396825
338.45405895691607
342.77297052154194
342.9703401360544
343.17931972789114
343.5160090702948
343.74820861678006
343.74820861678006
344.2822675736961
344.2822675736961
344.6073469387755
345.1762358276644
345.35038548752834
346.2791836734694
346.2791836734694
346.84807256235825
346.92934240362814
347.42857142857144
347.5562811791383
351.2714739229025
351.2714739229025
357.58730158730157
357.78467120181404
358.2142403628118
358.50448979591835
358.5625396825397
361.3837641723356
361.8597732426304
362.2777324263038
363.3226303854875
363.3342403628118
365.29632653061225
365.6794557823129
365.6794557823129
365.6794557823129
366.3063945578231
366.34122448979593
369.7661678004535
370.2653968253968
370.7530158730159
371.0780952380952
371.36834467120184
371.73986394557824
372.215873015873
372.5641723356009
372.6222222222222
373.3536507936508
374.1663492063492
374.87455782312924
375.3273469387755
375.87301587301585
376.18648526077095
376.98757369614515
377.45197278911564
377.76544217687075
378.2414512471655
378.79873015873017
379.4488888888889
381.07428571428574
381.63156462585033
383.07120181405895
383.61687074829933
383.9071201814059
384.55727891156465
384.98684807256234
385.42802721088435
385.764716553288
386.8908843537415
387.91256235827666
388.64399092970524
388.7600907029478
389.1548299319728
390.1532879818594
390.5015873015873
392.7655328798186
393.1718820861678
393.6014512471655
394.98303854875286
396.0163265306122
396.7825850340136
399.31356009070294
399.81278911564624
400.8112471655329
401.29886621315194
402.26249433106574
403.79501133786846
404.15492063492064
404.39873015873013
404.68897959183676
406.9413151927438
408.41578231292516
409.5651700680272
410.05278911564625
410.5752380952381
410.91192743764174
410.9351473922903
413.67510204081634
414.26721088435374
414.32526077097504
414.8825396825397
415.0566893424036
415.8809977324263
417.08843537414964
417.5412244897959
419.3291609977324
420.0838095238095
420.0838095238095
420.43210884353743
420.97777777777776
420.97777777777776
421.2564172335601
421.8136961451247
421.9530158730159
424.05442176870747
424.43755102040814
424.9483900226757
425.2154195011338
425.5288888888889
425.7610884353742
425.7610884353742
426.0745578231292
426.4344671201814
427.0265759637188
427.9437641723356
430.09160997732425
430.13804988662133
430.4747392290249
430.82303854875283
431.2409977324263
431.4267573696145
431.4267573696145
431.8331065759637
432.065306122449
432.3671655328798
432.3671655328798
432.9360544217687
433.1102040816327
435.0142403628118
435.3741496598639
435.66439909297054
436.22167800453514
436.2681179138322
436.8253968253968
441.2371882086168
445.3122902494331
445.63736961451247
446.24108843537414
448.63274376417235
448.94621315192745
449.5151020408163
449.59637188208615
450.9779591836735
452.0112471655329
452.7891156462585
453.34639455782315
453.34639455782315
453.99655328798184
456.6204081632653
456.88743764172335
457.4098866213152
457.4098866213152
457.88589569160996
457.88589569160996
458.4547845804989
458.5360544217687
458.6637641723356
462.390566893424
462.4834467120181
462.9710657596372
463.27292517006805
463.27292517006805
465.14213151927436
465.26984126984127
465.7110204081633
466.8255782312925
467.3944671201814
469.6003628117914
471.3302494331066
471.3302494331066
471.8759183673469
474.2791836734694
474.61587301587304
475.2195918367347
476.601179138322
476.601179138322
477.15845804988663
477.15845804988663
477.64607709750567
477.64607709750567
478.2265759637188
478.3891156462585
484.05478458049885
484.05478458049885
484.4727437641723
484.6933333333333
485.08807256235826
485.5640816326531
485.9007709750567
486.3767800453515
488.3388662131519
488.3388662131519
490.12680272108844
490.5563718820862
492.0540589569161
492.0540589569161
492.26303854875283
492.8319274376417
492.88997732426304
493.6214058956916
493.84199546485263
494.3063945578231
494.61986394557823
494.70113378684806
497.74294784580496
498.06802721088434
498.13768707482996
499.0897052154195
499.55410430839004
499.55410430839004
499.995283446712
501.40009070294786
501.40009070294786
501.82965986394555
501.82965986394555
502.3404988662131
502.3404988662131
502.87455782312924
503.12997732426305
503.571156462585
503.571156462585
504.012335600907
504.36063492063494
504.3838548752834
504.81342403628116
507.1586394557823
507.57659863945577
507.57659863945577
508.02938775510205
508.34285714285716
508.34285714285716
508.8188662131519
508.8188662131519
509.3645351473923
509.66639455782314
509.75927437641724
510.2701133786848
512.8243083900227
512.8243083900227
513.3467573696145
513.6137868480726
513.6602267573696
514.2175056689342
514.2175056689342
515.9009523809524
516.1563718820862
516.4466213151927
516.9806802721089
517.2244897959183
518.7802267573696
519.151746031746
519.8019047619048
520.5101133786848
521.0441723356009
521.3692517006803
521.3808616780045
521.9961904761905
522.2167800453515
527.9056689342403
528.4513378684808
528.5326077097506
528.9389569160998
529.4149659863946
529.6703854875284
529.9025850340136
530.2392743764173
530.4366439909297
531.2725623582767
531.7485714285714
532.2013605442177
532.4335600907029
532.7702494331065
532.7702494331065
533.3507482993198
534.1518367346939
534.1518367346939
534.3608163265307
534.7671655328799
534.9645351473923
534.9645351473923
535.1619047619048
535.6379138321995
535.881723356009
535.881723356009
536.3925623582767
536.3925623582767
536.9962811791384
537.2633106575963
538.6913378684807
538.877097505669
539.411156462585
539.411156462585
539.411156462585
539.6665759637189
540.1774149659864
540.4560544217687
540.4560544217687
540.8043537414966
541.5009523809524
541.5009523809524
541.9073015873016
541.9073015873016
542.3136507936508
542.3136507936508
542.72
542.9986394557823
542.9986394557823
543.5907482993198
544.3221768707483
544.4266666666666
544.9375056689343
551.6596825396825
552.1240816326531
553.1573696145125
553.8655782312925
554.1790476190477
554.2603174603174
557.3021315192743
558.0683900226758
559.0552380952381
559.2177777777778
559.2177777777778
559.6821768707483
560.819954648526
560.819954648526
561.9112925170068
562.3873015873016
562.3873015873016
562.7820408163266
564.8486167800454
565.3362358276644
565.626485260771
565.626485260771
566.1489342403628
566.1489342403628
566.7294331065759
567.878820861678
569.0398185941043
569.469387755102
569.469387755102
569.9686167800453
569.9686167800453
570.1892063492063
570.6303854875283
570.6303854875283
571.2108843537414
571.2457142857143
571.8262131519274
572.4995918367347
572.952380952381
573.5677097505669
573.9508390022676
574.5313378684807
574.984126984127
575.2859863945578
575.2859863945578
575.5994557823129
576.133514739229
579.5584580498867
579.9880272108843
580.3014965986395
580.5685260770975
581.4044444444445
581.4044444444445
581.915283446712
582.2635827664399
582.2868027210884
582.8673015873015
582.8673015873015
583.5174603174603
583.5174603174603
587.4880725623583
587.8479818594104
588.3936507936507
588.3936507936507
588.7071201814059
589.020589569161
589.4849886621315
589.4849886621315
589.9145578231293
591.8766439909297
592.596462585034
592.596462585034
593.1885714285714
593.432380952381
594.187029478458
594.7326984126984
594.7326984126984
595.0693877551021
595.1042176870749
597.4378231292517
597.4378231292517
598.0067120181405
598.0299319727891
598.3434013605442
602.1514739229025
602.1514739229025
602.5810430839002
602.5810430839002
602.9757823129252
603.324081632653
603.324081632653
603.8813605442177
603.9161904761904
607.7126530612245
608.4905215419501
608.7111111111111
609.28
609.3032199546485
609.5818594104309
609.8837188208616
610.1739682539683
613.564081632653
613.9704308390022
626.3350566893424
626.3350566893424
626.5904761904762
627.0548752834467
627.2754648526077
627.4960544217687
627.4960544217687
627.9720634920635
627.9720634920635
628.3668027210884
630.7352380952381
630.7352380952381
631.2228571428572
631.2228571428572
631.8381859410431
631.9426757369614
632.3722448979591
633.4055328798186
634.8567800453515
635.4953287981859
635.6926984126984
635.8784580498866
635.8784580498866
636.4009070294785
636.4009070294785
636.6098866213152
636.8420861678004
637.4225850340137
637.4341950113379
637.4341950113379
