27.794285714285714
31.381768707482994
31.927437641723355
32.6356462585034
33.3902947845805
34.47002267573696
40.704580498866214
41.087709750566894
41.57532879818594
42.10938775510204
47.35709750566893
47.93759637188209
48.28589569160998
48.854784580498865
49.35401360544218
51.76888888888889
52.19845804988662
53.03437641723356
56.679909297052156
57.12108843537415
58.49106575963719
60.02358276643991
60.65052154195011
61.41678004535147
62.54294784580499
67.19854875283447
67.75582766439909
68.63818594104309
71.74965986394558
72.28371882086168
73.71174603174603
74.41995464852607
75.00045351473923
75.98730158730159
76.33560090702947
78.46022675736961
79.0639455782313
80.15528344671202
80.81705215419501
81.79229024943311
84.32326530612245
84.98503401360544
85.54231292517007
88.6073469387755
89.0485260770975
89.45487528344671
89.88444444444444
90.30240362811791
94.02920634920635
94.64453514739229
96.20027210884354
96.61823129251701
97.60507936507936
100.10122448979592
100.10122448979592
100.6120634920635
100.6120634920635
100.85587301587302
101.16934240362812
101.52925170068028
101.98204081632653
102.27229024943311
102.56253968253968
102.59736961451247
102.92244897959183
103.42167800453515
103.75836734693877
104.10666666666667
104.52462585034013
105.05868480725624
105.05868480725624
114.93877551020408
114.9619954648526
115.31029478458049
115.5308843537415
116.12299319727892
116.18104308390022
116.41324263038548
116.97052154195012
116.97052154195012
117.45814058956915
117.77160997732426
130.0085260770975
130.50775510204082
131.0766439909297
133.58439909297053
133.58439909297053
134.1184580498866
134.16489795918366
134.51319727891158
135.0704761904762
135.12852607709752
135.45360544217687
135.9760544217687
136.37079365079364
140.09759637188208
140.50394557823128
140.7245351473923
141.15410430839003
141.4443537414966
141.4443537414966
141.96680272108844
142.72145124716553
143.19746031746033
143.62702947845804
145.4033560090703
145.57750566893424
146.1580045351474
146.26249433106577
147.818231292517
151.82367346938776
152.2532426303855
152.2532426303855
152.67120181405895
152.9150113378685
153.1936507936508
153.3213605442177
153.70448979591836
155.05124716553289
160.8214058956916
162.6441723356009
163.37560090702948
168.46077097505668
168.91356009070296
168.91356009070296
169.37795918367348
169.37795918367348
169.94684807256235
169.95845804988662
170.3764172335601
170.3764172335601
170.60861678004534
171.15428571428572
171.16589569161
171.65351473922902
171.86249433106576
172.86095238095237
172.89578231292518
173.40662131519275
173.40662131519275
173.6736507936508
174.21931972789116
174.21931972789116
174.75337868480725
174.75337868480725
175.0204081632653
175.35709750566895
175.86793650793652
176.14657596371882
176.27428571428572
176.88961451247167
177.86485260770976
178.43374149659863
178.90975056689342
179.1419501133787
179.40897959183673
179.40897959183673
179.69922902494332
180.2100680272109
181.17369614512472
181.80063492063493
182.29986394557824
182.29986394557824
182.85714285714286
182.89197278911564
182.89197278911564
183.40281179138321
183.4956916099773
184.02975056689343
184.2271201814059
195.83709750566894
196.37115646258502
196.83555555555554
197.33478458049888
200.86421768707484
201.39827664399093
201.39827664399093
201.80462585034013
202.43156462585034
202.76825396825396
202.98884353741497
203.40680272108844
203.6041723356009
203.8595918367347
203.8595918367347
204.3356009070295
204.3356009070295
204.82321995464852
205.10185941043085
205.10185941043085
205.49659863945578
206.0306575963719
206.32090702947846
206.32090702947846
206.79691609977326
207.33097505668934
207.56317460317462
207.6212244897959
208.14367346938775
208.56163265306122
208.96798185941043
209.5717006802721
209.61814058956915
210.18702947845804
210.89523809523808
211.6498866213152
211.66149659863945
212.21877551020407
212.61351473922903
213.10113378684807
213.10113378684807
213.60036281179137
213.86739229024943
213.86739229024943
214.15764172335602
214.4711111111111
215.05160997732426
215.23736961451246
215.7365986394558
216.02684807256236
216.36353741496598
216.8975963718821
216.8975963718821
217.40843537414966
217.90766439909297
217.90766439909297
218.45333333333335
218.7435827664399
218.9061224489796
219.74204081632652
220.21804988662132
220.46185941043083
220.46185941043083
220.9726984126984
221.23972789115646
221.23972789115646
221.71573696145126
222.14530612244897
222.9231746031746
224.40925170068027
225.00136054421768
226.45260770975057
226.45260770975057
226.99827664399092
227.42784580498866
227.68326530612245
227.9502947845805
227.9502947845805
228.4495238095238
228.69333333333333
228.69333333333333
228.99519274376416
229.48281179138323
229.63374149659865
230.3419501133787
230.85278911564626
231.0849886621315
232.25759637188207
232.57106575963718
233.05868480725624
233.7320634920635
234.5099319727891
235.0556009070295
235.40390022675737
237.51691609977325
237.83038548752833
238.27156462585035
238.27156462585035
238.67791383219955
238.67791383219955
239.21197278911563
241.99836734693878
242.1492970521542
244.45968253968255
244.8428117913832
245.24916099773242
245.71356009070294
247.94267573696146
248.39546485260772
250.7871201814059
251.4140589569161
252.37768707482994
252.91174603174602
253.52707482993196
254.72290249433107
255.12925170068027
255.58204081632653
256.0580498866213
256.0580498866213
256.6269387755102
257.05650793650796
257.05650793650796
257.48607709750564
257.79954648526075
257.811156462585
258.27555555555557
258.27555555555557
258.5425850340136
259.088253968254
259.088253968254
259.088253968254
259.3668934240363
260.28408163265306
260.50467120181406
260.9458503401361
261.18965986394556
261.4334693877551
261.4334693877551
261.70049886621314
262.222947845805
262.3158276643991
262.664126984127
264.7655328798186
265.04417233560093
265.50857142857143
265.7872108843537
265.7872108843537
266.0658503401361
266.32126984126984
266.8785487528345
266.94820861678005
267.79573696145127
267.98149659863947
268.94512471655327
268.94512471655327
269.3863038548753
269.71138321995466
269.85070294784583
279.7772335600907
279.7772335600907
280.32290249433106
280.32290249433106
280.5202721088435
281.08916099773245
281.11238095238093
281.11238095238093
281.55356009070294
281.55356009070294
282.1108390022676
282.7609977324263
283.37632653061223
284.16580498866216
284.3631746031746
284.63020408163266
284.63020408163266
285.00172335600905
285.00172335600905
285.53578231292516
285.53578231292516
285.9769614512472
285.9769614512472
286.2556009070295
286.48780045351475
286.940589569161
286.940589569161
287.3701587301587
288.0087074829932
293.9530158730159
294.487074829932
294.487074829932
295.1372335600907
295.1372335600907
295.47392290249434
295.9963718820862
295.9963718820862
296.518820861678
296.518820861678
296.83229024943313
297.28507936507935
298.9104761904762
299.2471655328798
299.7928344671202
299.7928344671202
300.40816326530614
301.03510204081635
301.03510204081635
301.4878911564626
304.7386848072562
304.7502947845805
304.7502947845805
308.5583673469388
309.0459863945578
309.0459863945578
309.452335600907
309.452335600907
309.6497052154195
310.03283446712015
310.29986394557824
310.4972335600907
310.4972335600907
311.0545124716553
311.0545124716553
311.3215419501134
311.8556009070295
312.4825396825397
312.55219954648527
312.55219954648527
313.20235827664396
313.2255782312925
313.2255782312925
313.7364172335601
315.4895238095238
315.4895238095238
316.10485260770974
316.60408163265305
317.14975056689343
317.5793197278912
318.0321088435374
318.0321088435374
318.58938775510205
318.6590476190476
319.1931065759637
319.62267573696147
320.05224489795916
320.30766439909297
320.53986394557825
320.77206349206347
321.2480725623583
321.5151020408163
321.5151020408163
321.77052154195013
322.2349206349206
322.5716099773243
322.6993197278912
323.08244897959185
323.662947845805
323.7558276643991
324.5104761904762
326.93696145124716
326.93696145124716
327.74965986394557
328.2140589569161
328.79455782312925
328.79455782312925
329.2125170068027
329.73496598639457
330.4780045351474
330.89596371882084
331.46485260770976
331.476462585034
331.68544217687077
331.9060317460318
331.9060317460318
332.41687074829935
332.41687074829935
332.6722902494331
333.1250793650794
333.1250793650794
333.75201814058954
334.28607709750565
334.28607709750565
334.6808163265306
335.1336054421769
335.67927437641725
336.90993197278914
339.91691609977323
339.91691609977323
340.8805442176871
341.29850340136056
341.70485260770977
342.0647619047619
342.6336507936508
343.2373696145125
343.74820861678006
343.74820861678006
344.2358276643991
344.7002267573696
344.7002267573696
344.9904761904762
345.19945578231295
345.5941950113379
345.8380045351474
346.1514739229025
346.2327437641723
346.83646258503404
346.83646258503404
347.498231292517
347.5562811791383
348.1367800453515
348.6360090702948
348.7521088435374
349.78539682539684
350.19174603174605
350.19174603174605
350.42394557823127
350.84190476190474
351.1669841269841
351.1669841269841
351.51528344671203
351.8055328798186
352.4092517006803
352.4092517006803
352.92009070294785
353.19873015873014
353.19873015873014
353.7560090702948
353.86049886621316
354.74285714285713
354.77768707482994
355.24208616780044
355.8806349206349
356.0663945578231
356.3334240362812
356.8442630385488
356.9255328798186
357.517641723356
357.517641723356
358.07492063492066
358.2374603174603
358.2374603174603
358.58575963718823
359.16625850340137
359.16625850340137
360.164716553288
360.164716553288
360.60589569161
361.58113378684806
362.03392290249434
362.03392290249434
363.16009070294785
363.16009070294785
363.16009070294785
363.39229024943313
363.8334693877551
364.39074829931974
364.39074829931974
364.75065759637187
364.9596371882086
365.1802267573696
365.6794557823129
367.6647619047619
367.6647619047619
367.8621315192744
368.0827210884354
368.61678004535145
368.6748299319728
369.19727891156464
369.19727891156464
369.77777777777777
369.91709750566895
370.671746031746
370.84589569161
371.6237641723356
371.6237641723356
371.86757369614514
372.390022675737
372.49451247165536
373.4349206349206
373.9225396825397
374.1199092970522
377.289433106576
377.289433106576
377.80027210884356
378.42721088435377
379.20507936507937
379.49532879818594
380.0409977324263
380.5053968253968
380.865306122449
381.3180952380952
381.56190476190477
381.81732426303853
382.11918367346937
382.11918367346937
382.6880725623583
383.0944217687075
383.5820408163265
385.64861678004536
386.11301587301585
386.6819047619048
387.3901133786848
387.8893424036281
388.3073015873016
388.79492063492063
388.79492063492063
389.3057596371882
389.3057596371882
389.8514285714286
390.4087074829932
395.4706575963719
396.45750566893423
397.3863038548753
397.9784126984127
398.81433106575963
399.70829931972787
400.0798185941043
400.47455782312926
400.683537414966
400.93895691609976
400.93895691609976
401.34530612244896
401.67038548752834
401.8213151927438
402.3785941043084
402.6920634920635
402.9010430839002
403.0984126984127
403.52798185941043
403.74857142857144
403.74857142857144
404.2710204081633
404.83990929705215
405.0837188208617
406.1286167800454
408.7524716553288
409.2865306122449
409.42585034013604
409.9715192743764
410.1340589569161
410.67972789115646
416.6124263038549
417.15809523809526
417.6108843537415
418.0520634920635
418.516462585034
419.03891156462583
419.4568707482993
419.88643990929705
419.88643990929705
420.10702947845806
420.501768707483
420.501768707483
420.93133786848074
420.93133786848074
421.4073469387755
421.4073469387755
421.89496598639454
422.1736054421769
422.1736054421769
422.61478458049885
422.96308390022676
424.6465306122449
424.9832199546485
425.8075283446712
426.38802721088433
428.5242630385487
429.00027210884355
429.5691609977324
430.1148299319728
430.7069387755102
433.35401360544216
433.7951927437642
434.30603174603175
434.7356009070295
435.3160997732426
435.80371882086166
436.44226757369614
436.94149659863945
436.94149659863945
437.44072562358275
437.88190476190476
438.3695238095238
438.6829931972789
438.6829931972789
439.2518820861678
439.5421315192744
439.73950113378686
440.1342403628118
440.3548299319728
440.3548299319728
440.55219954648527
440.9585487528345
441.1791383219955
441.1791383219955
441.5738775510204
441.8060770975057
441.8060770975057
442.0731065759637
442.6419954648526
442.7697052154195
443.5011337868481
445.83473922902493
446.3455782312925
446.51972789115644
447.1698866213152
447.72716553287984
448.27283446712016
448.27283446712016
448.6675736961451
448.94621315192745
449.3873922902494
449.5847619047619
449.81696145124715
450.0956009070295
450.0956009070295
450.56
452.3479365079365
452.85877551020405
453.21868480725624
453.5553741496599
454.0197732426304
454.43773242630385
454.7744217687075
455.3317006802721
455.3317006802721
455.8773696145125
457.25895691609975
457.7581859410431
457.9439455782313
458.5012244897959
458.9540136054422
459.2674829931973
459.5693424036281
460.14984126984126
461.2063492063492
461.2063492063492
461.7752380952381
461.78684807256235
461.78684807256235
462.06548752834465
462.55310657596374
462.55310657596374
462.9826757369614
462.9826757369614
463.42385487528344
463.6560544217687
463.6560544217687
464.08562358276646
464.36426303854876
464.6196825396825
464.6196825396825
465.17696145124717
465.3046712018141
465.87356009070294
466.5121088435374
466.5121088435374
467.04616780045353
467.12743764172336
468.2419954648526
468.9618140589569
469.40299319727893
469.9254421768708
469.9254421768708
470.2040816326531
470.58721088435374
471.0051700680272
471.5740589569161
471.6088888888889
472.11972789115646
472.11972789115646
472.65378684807257
473.21106575963717
473.6754648526077
473.6754648526077
474.12825396825394
474.4068934240363
474.4068934240363
474.6739229024943
475.20798185941044
475.39374149659864
480.66467120181403
481.059410430839
481.51219954648525
481.9301587301587
482.4874376417234
482.5222675736961
482.99827664399095
483.2885260770975
483.5207256235828
483.9851247165533
483.9851247165533
484.50757369614513
484.91392290249433
485.40154195011337
485.8427210884354
486.41160997732425
486.4580498866213
486.841179138322
488.58267573696145
488.98902494331065
489.44181405895694
489.8713832199546
490.2777324263038
490.71891156462584
491.1949206349206
491.5432199546485
491.93795918367346
492.2746485260771
492.57650793650794
493.2150566893424
493.66784580498864
494.20190476190476
494.74757369614514
497.75455782312923
498.3002267573696
499.77469387755104
500.877641723356
501.27238095238096
501.82965986394555
502.3404988662131
502.8281179138322
505.0572335600907
505.45197278911564
505.8699319727891
